0 0
0 4
0 18
0 44
0 -10
0 -24
0 0
0 -32
0 -14
0 24
0 36
0 -6
0 -14
0 -36
0 8
0 6
0 42
0 10
0 12
0 -12
0 10
0 -2
0 26
0 10
0 -54
0 -40
0 -30
0 40
0 -12
0 28
0 -8
0 -8
0 38
0 -32
0 -18
0 10
0 20
0 -10
0 30
0 -10
0 20
0 -8
0 8
0 18
0 12
0 -36
0 4
0 -54
0 40
0 36
0 -32
0 52
0 12
0 -12
0 -8
0 30
0 -14
0 4
0 -34
0 -38
0 -28
0 4
0 -20
0 -22
0 12
0 2
0 -64
0 32
0 -20
0 52
0 -36
0 -32
0 -10
0 -12
0 24
0 22
0 -20
0 -6
0 38
0 -32
0 -2
0 26
0 10
0 -20
0 -18
0 20
0 2
0 24
0 -14
0 -68
0 -2
0 -8
0 0
0 12
0 -18
0 -24
0 22
0 -66
0 6
0 8
100 0
100 868
100 18
100 866
100 -10
100 874
100 0
100 858
100 870
100 874
100 36
100 872
100 -14
100 864
100 8
100 848
100 42
100 10
100 12
100 -12
100 10
100 -2
100 860
100 856
100 862
100 868
100 870
100 40
100 -12
100 862
100 -8
100 882
100 38
100 870
100 -18
100 874
100 20
100 -10
100 858
100 866
100 866
100 864
100 866
100 864
100 12
100 868
100 4
100 864
100 40
100 36
100 852
100 52
100 12
100 -12
100 -8
100 30
100 -14
100 4
100 860
100 864
100 862
100 870
100 -20
100 862
100 12
100 880
100 874
100 870
100 864
100 52
100 866
100 862
100 -10
100 -12
100 24
100 22
100 -20
100 -6
100 38
100 850
100 -2
100 26
100 876
100 874
100 -18
100 868
100 2
100 858
100 -14
100 876
100 -2
100 -8
100 0
100 12
100 -18
100 870
100 22
100 864
100 6
100 876
200 864
200 870
200 866
200 870
200 876
200 874
200 874
200 868
200 870
200 880
200 876
200 874
200 876
200 872
200 870
200 860
200 42
200 866
200 866
200 868
200 870
200 868
200 878
200 868
200 876
200 872
200 870
200 862
200 868
200 862
200 874
200 882
200 38
200 872
200 868
200 874
200 868
200 866
200 878
200 882
200 866
200 864
200 870
200 874
200 874
200 870
200 870
200 868
200 40
200 36
200 872
200 52
200 860
200 870
200 870
200 30
200 860
200 872
200 878
200 864
200 862
200 870
200 874
200 866
200 860
200 880
200 874
200 870
200 874
200 52
200 868
200 862
200 874
200 886
200 24
200 22
200 868
200 866
200 38
200 866
200 866
200 26
200 876
200 874
200 862
200 868
200 878
200 880
200 864
200 876
200 870
200 862
200 872
200 870
200 860
200 872
200 22
200 868
200 862
200 880
300 872
300 874
300 876
300 878
300 876
300 876
300 874
300 868
300 870
300 882
300 876
300 874
300 876
300 876
300 870
300 874
300 872
300 868
300 870
300 868
300 872
300 868
300 878
300 868
300 876
300 872
300 870
300 872
300 874
300 874
300 874
300 882
300 872
300 876
300 870
300 876
300 878
300 868
300 878
300 882
300 866
300 868
300 870
300 878
300 878
300 870
300 870
300 878
300 868
300 868
300 872
300 878
300 876
300 872
300 870
300 874
300 876
300 872
300 880
300 880
300 866
300 876
300 874
300 866
300 880
300 882
300 874
300 872
300 882
300 868
300 868
300 866
300 882
300 886
300 872
300 874
300 878
300 866
300 870
300 876
300 866
300 874
300 876
300 874
300 878
300 868
300 878
300 880
300 872
300 876
300 874
300 874
300 878
300 874
300 872
300 872
300 878
300 872
300 870
300 882
400 880
400 874
400 878
400 878
400 876
400 876
400 874
400 874
400 874
400 882
400 876
400 876
400 876
400 876
400 876
400 874
400 882
400 884
400 874
400 878
400 878
400 882
400 878
400 874
400 876
400 880
400 874
400 876
400 874
400 886
400 876
400 882
400 878
400 876
400 880
400 876
400 878
400 880
400 878
400 882
400 882
400 878
400 876
400 878
400 878
400 876
400 876
400 880
400 878
400 872
400 872
400 878
400 876
400 878
400 878
400 882
400 876
400 872
400 880
400 880
400 872
400 876
400 876
400 880
400 880
400 882
400 878
400 874
400 882
400 874
400 880
400 890
400 882
400 886
400 872
400 874
400 878
400 874
400 882
400 878
400 876
400 880
400 878
400 876
400 878
400 872
400 878
400 880
400 874
400 882
400 874
400 878
400 878
400 874
400 872
400 876
400 878
400 876
400 878
400 882
500 880
500 880
500 878
500 878
500 878
500 878
500 878
500 878
500 880
500 882
500 878
500 882
500 878
500 886
500 880
500 878
500 882
500 884
500 880
500 880
500 878
500 882
500 878
500 878
500 878
500 880
500 878
500 880
500 878
500 890
500 876
500 882
500 878
500 876
500 880
500 876
500 878
500 880
500 878
500 882
500 882
500 884
500 876
500 878
500 880
500 876
500 880
500 880
500 878
500 878
500 876
500 878
500 876
500 882
500 878
500 882
500 876
500 880
500 882
500 880
500 876
500 876
500 876
500 880
500 880
500 882
500 880
500 876
500 882
500 876
500 880
500 890
500 882
500 886
500 878
500 886
500 878
500 878
500 882
500 882
500 878
500 880
500 878
500 876
500 880
500 882
500 878
500 880
500 882
500 882
500 880
500 884
500 878
500 882
500 876
500 876
500 880
500 876
500 878
500 882
600 882
600 882
600 880
600 882
600 880
600 882
600 874
600 888
600 880
600 882
600 878
600 882
600 878
600 886
600 884
600 878
600 882
600 884
600 880
600 882
600 878
600 882
600 878
600 878
600 878
600 880
600 882
600 886
600 884
600 890
600 878
600 882
600 880
600 880
600 880
600 880
600 882
600 880
600 880
600 882
600 882
600 884
600 880
600 878
600 882
600 880
600 880
600 880
600 878
600 878
600 884
600 882
600 880
600 882
600 882
600 882
600 886
600 880
600 882
600 880
600 880
600 878
600 880
600 880
600 880
600 882
600 880
600 882
600 884
600 886
600 880
600 890
600 882
600 886
600 878
600 886
600 878
600 882
600 882
600 882
600 882
600 880
600 880
600 880
600 882
600 882
600 878
600 880
600 882
600 882
600 880
600 884
600 878
600 882
600 884
600 878
600 882
600 878
600 878
600 882
700 882
700 882
700 886
700 882
700 884
700 882
700 882
700 888
700 882
700 882
700 882
700 882
700 882
700 886
700 884
700 882
700 882
700 890
700 882
700 884
700 882
700 882
700 882
700 882
700 882
700 878
700 884
700 886
700 884
700 890
700 882
700 882
700 880
700 882
700 882
700 880
700 882
700 882
700 884
700 882
700 882
700 884
700 882
700 882
700 882
700 882
700 880
700 880
700 880
700 886
700 884
700 882
700 886
700 882
700 882
700 882
700 886
700 880
700 882
700 880
700 884
700 884
700 880
700 880
700 880
700 882
700 880
700 882
700 884
700 886
700 880
700 890
700 882
700 886
700 880
700 886
700 884
700 882
700 884
700 882
700 882
700 880
700 880
700 880
700 882
700 882
700 882
700 880
700 882
700 882
700 880
700 884
700 882
700 882
700 884
700 880
700 884
700 886
700 880
700 882
800 886
800 884
800 886
800 886
800 886
800 884
800 886
800 888
800 884
800 882
800 890
800 882
800 882
800 888
800 884
800 882
800 882
800 890
800 882
800 886
800 882
800 882
800 882
800 882
800 886
800 882
800 884
800 886
800 884
800 890
800 882
800 882
800 882
800 882
800 882
800 884
800 882
800 882
800 884
800 884
800 882
800 884
800 882
800 882
800 882
800 882
800 882
800 882
800 882
800 886
800 884
800 882
800 886
800 886
800 882
800 882
800 886
800 886
800 882
800 882
800 884
800 884
800 884
800 882
800 882
800 882
800 882
800 882
800 884
800 888
800 884
800 890
800 882
800 886
800 882
800 886
800 884
800 884
800 884
800 882
800 882
800 882
800 884
800 884
800 884
800 882
800 882
800 884
800 882
800 882
800 884
800 884
800 882
800 882
800 886
800 882
800 884
800 886
800 882
800 882
900 886
900 884
900 886
900 886
900 886
900 884
900 886
900 888
900 884
900 884
900 890
900 886
900 884
900 888
900 884
900 884
900 888
900 890
900 884
900 886
900 884
900 888
900 886
900 886
900 886
900 886
900 884
900 888
900 884
900 890
900 884
900 888
900 876
900 882
900 882
900 884
900 882
900 890
900 884
900 888
900 882
900 884
900 882
900 882
900 882
900 882
900 886
900 882
900 890
900 886
900 884
900 886
900 886
900 886
900 882
900 882
900 886
900 886
900 886
900 882
900 888
900 884
900 884
900 882
900 882
900 882
900 882
900 882
900 886
900 888
900 886
900 890
900 882
900 886
900 882
900 886
900 884
900 884
900 884
900 882
900 882
900 884
900 888
900 884
900 884
900 884
900 882
900 884
900 884
900 882
900 884
900 884
900 882
900 890
900 886
900 882
900 884
900 886
900 882
900 882
1000 886
1000 888
1000 886
1000 886
1000 886
1000 884
1000 886
1000 888
1000 884
1000 884
1000 890
1000 886
1000 884
1000 890
1000 886
1000 884
1000 888
1000 890
1000 884
1000 886
1000 884
1000 888
1000 888
1000 888
1000 886
1000 886
1000 884
1000 888
1000 884
1000 890
1000 884
1000 888
1000 888
1000 888
1000 888
1000 884
1000 886
1000 890
1000 884
1000 888
1000 888
1000 884
1000 888
1000 888
1000 884
1000 884
1000 888
1000 884
1000 890
1000 886
1000 884
1000 886
1000 886
1000 886
1000 886
1000 884
1000 886
1000 888
1000 888
1000 886
1000 888
1000 884
1000 884
1000 884
1000 892
1000 888
1000 886
1000 886
1000 886
1000 888
1000 886
1000 890
1000 888
1000 886
1000 888
1000 886
1000 884
1000 884
1000 884
1000 884
1000 876
1000 884
1000 888
1000 884
1000 884
1000 892
1000 882
1000 886
1000 884
1000 888
1000 884
1000 884
1000 882
1000 892
1000 886
1000 882
1000 884
1000 886
1000 882
1000 890
1100 886
1100 892
1100 886
1100 886
1100 886
1100 894
1100 886
1100 890
1100 888
1100 892
1100 890
1100 888
1100 888
1100 890
1100 886
1100 886
1100 888
1100 890
1100 886
1100 886
1100 888
1100 888
1100 888
1100 888
1100 886
1100 886
1100 888
1100 892
1100 888
1100 890
1100 892
1100 888
1100 888
1100 888
1100 892
1100 888
1100 886
1100 890
1100 890
1100 888
1100 888
1100 888
1100 888
1100 888
1100 890
1100 886
1100 888
1100 886
1100 892
1100 890
1100 886
1100 886
1100 890
1100 886
1100 886
1100 888
1100 890
1100 888
1100 888
1100 886
1100 888
1100 890
1100 888
1100 882
1100 892
1100 892
1100 886
1100 886
1100 886
1100 888
1100 886
1100 890
1100 888
1100 886
1100 888
1100 886
1100 884
1100 886
1100 888
1100 892
1100 890
1100 884
1100 888
1100 884
1100 884
1100 892
1100 884
1100 886
1100 884
1100 888
1100 884
1100 884
1100 884
1100 892
1100 886
1100 884
1100 886
1100 886
1100 888
1100 892
1200 890
1200 892
1200 888
1200 888
1200 892
1200 894
1200 890
1200 892
1200 888
1200 892
1200 890
1200 892
1200 888
1200 890
1200 890
1200 888
1200 890
1200 890
1200 890
1200 888
1200 890
1200 888
1200 888
1200 888
1200 888
1200 886
1200 888
1200 892
1200 888
1200 890
1200 892
1200 888
1200 888
1200 888
1200 892
1200 888
1200 886
1200 890
1200 892
1200 892
1200 888
1200 888
1200 888
1200 890
1200 890
1200 888
1200 888
1200 888
1200 892
1200 890
1200 886
1200 886
1200 890
1200 886
1200 886
1200 888
1200 890
1200 888
1200 888
1200 886
1200 888
1200 890
1200 888
1200 886
1200 892
1200 892
1200 886
1200 886
1200 890
1200 888
1200 886
1200 892
1200 888
1200 888
1200 890
1200 888
1200 892
1200 888
1200 888
1200 892
1200 890
1200 888
1200 888
1200 890
1200 886
1200 892
1200 890
1200 886
1200 886
1200 888
1200 886
1200 892
1200 888
1200 892
1200 886
1200 886
1200 886
1200 888
1200 888
1200 892
1300 890
1300 892
1300 890
1300 890
1300 892
1300 894
1300 892
1300 892
1300 890
1300 892
1300 890
1300 892
1300 890
1300 890
1300 894
1300 890
1300 890
1300 890
1300 890
1300 890
1300 890
1300 892
1300 892
1300 890
1300 888
1300 888
1300 888
1300 892
1300 888
1300 892
1300 892
1300 890
1300 894
1300 888
1300 892
1300 888
1300 888
1300 890
1300 892
1300 892
1300 888
1300 888
1300 888
1300 890
1300 890
1300 888
1300 888
1300 888
1300 892
1300 890
1300 892
1300 888
1300 890
1300 890
1300 888
1300 888
1300 890
1300 892
1300 888
1300 890
1300 890
1300 890
1300 894
1300 890
1300 892
1300 892
1300 890
1300 890
1300 892
1300 888
1300 888
1300 892
1300 888
1300 888
1300 890
1300 888
1300 894
1300 888
1300 888
1300 892
1300 890
1300 892
1300 888
1300 890
1300 890
1300 892
1300 890
1300 888
1300 888
1300 888
1300 892
1300 892
1300 890
1300 892
1300 888
1300 892
1300 890
1300 888
1300 894
1300 892
1400 892
1400 892
1400 890
1400 890
1400 892
1400 894
1400 892
1400 892
1400 890
1400 892
1400 890
1400 892
1400 890
1400 892
1400 894
1400 892
1400 890
1400 890
1400 890
1400 892
1400 890
1400 894
1400 892
1400 890
1400 890
1400 892
1400 890
1400 892
1400 890
1400 892
1400 892
1400 892
1400 894
1400 892
1400 892
1400 892
1400 890
1400 890
1400 892
1400 892
1400 890
1400 890
1400 892
1400 890
1400 890
1400 890
1400 890
1400 892
1400 892
1400 890
1400 892
1400 890
1400 892
1400 890
1400 892
1400 892
1400 890
1400 892
1400 890
1400 890
1400 890
1400 892
1400 894
1400 890
1400 892
1400 892
1400 894
1400 890
1400 892
1400 892
1400 890
1400 892
1400 890
1400 890
1400 892
1400 892
1400 894
1400 890
1400 890
1400 892
1400 890
1400 892
1400 890
1400 892
1400 890
1400 892
1400 890
1400 890
1400 890
1400 890
1400 892
1400 892
1400 890
1400 892
1400 892
1400 892
1400 890
1400 892
1400 894
1400 892
1500 890
1500 892
1500 892
1500 892
1500 892
1500 894
1500 892
1500 892
1500 892
1500 892
1500 892
1500 892
1500 892
1500 892
1500 894
1500 892
1500 892
1500 892
1500 892
1500 892
1500 892
1500 894
1500 892
1500 892
1500 892
1500 894
1500 892
1500 892
1500 892
1500 892
1500 892
1500 892
1500 894
1500 892
1500 892
1500 892
1500 894
1500 892
1500 892
1500 894
1500 892
1500 892
1500 892
1500 892
1500 892
1500 892
1500 892
1500 892
1500 892
1500 892
1500 892
1500 892
1500 892
1500 892
1500 894
1500 892
1500 892
1500 892
1500 892
1500 892
1500 894
1500 892
1500 894
1500 892
1500 892
1500 892
1500 894
1500 892
1500 892
1500 892
1500 892
1500 892
1500 892
1500 894
1500 892
1500 892
1500 894
1500 892
1500 892
1500 892
1500 892
1500 892
1500 892
1500 892
1500 892
1500 892
1500 892
1500 892
1500 892
1500 892
1500 892
1500 892
1500 894
1500 892
1500 892
1500 892
1500 892
1500 892
1500 894
1500 894
1600 894
1600 892
1600 894
1600 892
1600 892
1600 894
1600 892
1600 892
1600 892
1600 892
1600 892
1600 892
1600 892
1600 892
1600 894
1600 894
1600 894
1600 892
1600 892
1600 892
1600 892
1600 894
1600 894
1600 892
1600 894
1600 894
1600 892
1600 892
1600 892
1600 892
1600 892
1600 892
1600 894
1600 892
1600 892
1600 892
1600 894
1600 892
1600 892
1600 894
1600 892
1600 892
1600 892
1600 892
1600 892
1600 892
1600 892
1600 892
1600 892
1600 892
1600 892
1600 892
1600 892
1600 892
1600 894
1600 892
1600 892
1600 892
1600 892
1600 892
1600 894
1600 892
1600 894
1600 892
1600 892
1600 892
1600 894
1600 894
1600 892
1600 892
1600 892
1600 892
1600 892
1600 894
1600 892
1600 892
1600 894
1600 892
1600 892
1600 892
1600 894
1600 892
1600 892
1600 894
1600 892
1600 892
1600 892
1600 892
1600 892
1600 892
1600 892
1600 892
1600 894
1600 892
1600 892
1600 892
1600 894
1600 892
1600 894
1600 894
1700 894
1700 894
1700 894
1700 894
1700 894
1700 894
1700 894
1700 894
1700 894
1700 894
1700 894
1700 894
1700 894
1700 894
1700 894
1700 894
1700 894
1700 894
1700 894
1700 894
1700 894
1700 894
1700 894
1700 894
1700 894
1700 894
1700 894
1700 894
1700 892
1700 892
1700 892
1700 892
1700 894
1700 892
1700 892
1700 894
1700 894
1700 892
1700 892
1700 894
1700 892
1700 892
1700 892
1700 892
1700 892
1700 892
1700 892
1700 892
1700 892
1700 892
1700 892
1700 892
1700 892
1700 894
1700 894
1700 892
1700 894
1700 894
1700 892
1700 892
1700 894
1700 894
1700 894
1700 892
1700 892
1700 892
1700 894
1700 894
1700 894
1700 892
1700 892
1700 892
1700 892
1700 894
1700 892
1700 894
1700 894
1700 892
1700 894
1700 892
1700 894
1700 892
1700 894
1700 894
1700 892
1700 892
1700 892
1700 892
1700 892
1700 892
1700 894
1700 892
1700 894
1700 892
1700 892
1700 892
1700 894
1700 892
1700 894
1700 894
1800 894
1800 894
1800 894
1800 894
1800 894
1800 894
1800 894
1800 894
1800 894
1800 894
1800 894
1800 894
1800 894
1800 894
1800 894
1800 894
1800 894
1800 894
1800 894
1800 894
1800 894
1800 894
1800 894
1800 894
1800 894
1800 894
1800 894
1800 894
1800 894
1800 894
1800 894
1800 894
1800 894
1800 894
1800 894
1800 894
1800 894
1800 894
1800 894
1800 894
1800 894
1800 894
1800 894
1800 894
1800 894
1800 894
1800 894
1800 894
1800 894
1800 894
1800 894
1800 894
1800 894
1800 894
1800 894
1800 894
1800 894
1800 894
1800 894
1800 894
1800 894
1800 894
1800 894
1800 894
1800 894
1800 894
1800 894
1800 894
1800 894
1800 894
1800 894
1800 894
1800 894
1800 894
1800 894
1800 894
1800 894
1800 894
1800 894
1800 894
1800 894
1800 894
1800 894
1800 894
1800 894
1800 894
1800 894
1800 894
1800 894
1800 894
1800 894
1800 894
1800 894
1800 894
1800 894
1800 894
1800 894
1800 894
1800 894
1800 894
1900 886
1900 894
1900 894
1900 894
1900 894
1900 894
1900 894
1900 894
1900 894
1900 894
1900 894
1900 894
1900 894
1900 894
1900 894
1900 894
1900 894
1900 894
1900 894
1900 894
1900 894
1900 894
1900 894
1900 894
1900 894
1900 894
1900 894
1900 894
1900 894
1900 894
1900 894
1900 894
1900 894
1900 894
1900 894
1900 894
1900 894
1900 894
1900 894
1900 894
1900 894
1900 894
1900 894
1900 894
1900 894
1900 894
1900 894
1900 894
1900 894
1900 894
1900 894
1900 894
1900 894
1900 894
1900 894
1900 894
1900 894
1900 894
1900 894
1900 894
1900 894
1900 894
1900 894
1900 894
1900 894
1900 894
1900 894
1900 894
1900 894
1900 894
1900 894
1900 894
1900 894
1900 894
1900 894
1900 894
1900 894
1900 894
1900 894
1900 894
1900 894
1900 894
1900 894
1900 894
1900 894
1900 894
1900 894
1900 894
1900 894
1900 894
1900 894
1900 894
1900 894
1900 894
1900 894
1900 894
1900 894
1900 894
1900 894
1900 894
2000 894
2000 894
2000 894
2000 894
2000 894
2000 894
2000 894
2000 894
2000 894
2000 894
2000 894
2000 894
2000 894
2000 894
2000 894
2000 894
2000 894
2000 894
2000 894
2000 894
2000 894
2000 894
2000 894
2000 894
2000 894
2000 894
2000 894
2000 894
2000 894
2000 894
2000 894
2000 894
2000 894
2000 894
2000 894
2000 894
2000 894
2000 894
2000 894
2000 894
2000 894
2000 894
2000 894
2000 894
2000 894
2000 894
2000 894
2000 894
2000 894
2000 894
2000 894
2000 894
2000 894
2000 894
2000 894
2000 894
2000 894
2000 894
2000 894
2000 894
2000 894
2000 894
2000 894
2000 894
2000 894
2000 894
2000 894
2000 894
2000 894
2000 894
2000 894
2000 894
2000 894
2000 894
2000 894
2000 894
2000 894
2000 894
2000 894
2000 894
2000 894
2000 894
2000 894
2000 894
2000 894
2000 894
2000 894
2000 894
2000 894
2000 894
2000 894
2000 894
2000 894
2000 894
2000 894
2000 894
2000 894
2000 894
2000 894
2000 894
2100 894
2100 894
2100 894
2100 894
2100 894
2100 894
2100 894
2100 894
2100 894
2100 894
2100 894
2100 894
2100 894
2100 894
2100 894
2100 894
2100 894
2100 894
2100 894
2100 894
2100 894
2100 894
2100 894
2100 894
2100 894
2100 894
2100 894
2100 894
2100 894
2100 894
2100 894
2100 894
2100 894
2100 894
2100 894
2100 894
2100 894
2100 894
2100 894
2100 894
2100 894
2100 894
2100 894
2100 894
2100 894
2100 894
2100 894
2100 894
2100 894
2100 894
2100 894
2100 894
2100 894
2100 894
2100 894
2100 894
2100 894
2100 894
2100 894
2100 894
2100 894
2100 894
2100 894
2100 894
2100 894
2100 894
2100 894
2100 894
2100 894
2100 894
2100 894
2100 894
2100 894
2100 894
2100 894
2100 894
2100 894
2100 894
2100 894
2100 894
2100 894
2100 894
2100 894
2100 894
2100 894
2100 894
2100 894
2100 894
2100 894
2100 894
2100 894
2100 894
2100 894
2100 894
2100 894
2100 894
2100 894
2100 894
2100 894
2100 894
2200 894
2200 894
2200 894
2200 894
2200 894
2200 894
2200 894
2200 894
2200 894
2200 894
2200 894
2200 894
2200 894
2200 894
2200 894
2200 894
2200 894
2200 894
2200 894
2200 894
2200 894
2200 894
2200 894
2200 894
2200 894
2200 894
2200 894
2200 894
2200 894
2200 894
2200 894
2200 894
2200 894
2200 894
2200 894
2200 894
2200 894
2200 894
2200 894
2200 894
2200 894
2200 894
2200 894
2200 894
2200 894
2200 894
2200 894
2200 894
2200 894
2200 894
2200 894
2200 894
2200 894
2200 894
2200 894
2200 894
2200 894
2200 894
2200 894
2200 894
2200 894
2200 894
2200 894
2200 894
2200 894
2200 894
2200 894
2200 894
2200 894
2200 894
2200 894
2200 894
2200 894
2200 894
2200 894
2200 894
2200 894
2200 894
2200 894
2200 894
2200 894
2200 894
2200 894
2200 894
2200 894
2200 894
2200 894
2200 894
2200 894
2200 894
2200 894
2200 894
2200 894
2200 894
2200 894
2200 894
2200 894
2200 894
2200 894
2200 894
2300 894
2300 894
2300 894
2300 894
2300 894
2300 894
2300 894
2300 894
2300 894
2300 894
2300 894
2300 894
2300 894
2300 894
2300 894
2300 894
2300 894
2300 894
2300 894
2300 894
2300 894
2300 894
2300 894
2300 894
2300 894
2300 894
2300 894
2300 894
2300 894
2300 894
2300 894
2300 894
2300 894
2300 894
2300 894
2300 894
2300 894
2300 894
2300 894
2300 894
2300 894
2300 894
2300 894
2300 894
2300 894
2300 894
2300 894
2300 894
2300 894
2300 894
2300 894
2300 894
2300 894
2300 894
2300 894
2300 894
2300 894
2300 894
2300 894
2300 894
2300 894
2300 894
2300 894
2300 894
2300 894
2300 894
2300 894
2300 894
2300 894
2300 894
2300 894
2300 894
2300 894
2300 894
2300 894
2300 894
2300 894
2300 894
2300 894
2300 894
2300 894
2300 894
2300 894
2300 894
2300 894
2300 894
2300 894
2300 894
2300 894
2300 894
2300 894
2300 894
2300 894
2300 894
2300 894
2300 894
2300 894
2300 894
2300 894
2300 894
2400 894
2400 894
2400 894
2400 894
2400 894
2400 894
2400 894
2400 894
2400 894
2400 894
2400 894
2400 894
2400 894
2400 894
2400 894
2400 894
2400 894
2400 894
2400 894
2400 894
2400 894
2400 894
2400 894
2400 894
2400 894
2400 894
2400 894
2400 894
2400 894
2400 894
2400 894
2400 894
2400 894
2400 894
2400 894
2400 894
2400 894
2400 894
2400 894
2400 894
2400 894
2400 894
2400 894
2400 894
2400 894
2400 894
2400 894
2400 894
2400 894
2400 894
2400 894
2400 894
2400 894
2400 894
2400 894
2400 894
2400 894
2400 894
2400 894
2400 894
2400 894
2400 894
2400 894
2400 894
2400 894
2400 894
2400 894
2400 894
2400 894
2400 894
2400 894
2400 894
2400 894
2400 894
2400 894
2400 894
2400 894
2400 894
2400 894
2400 894
2400 894
2400 894
2400 894
2400 894
2400 894
2400 894
2400 894
2400 894
2400 894
2400 894
2400 894
2400 894
2400 894
2400 894
2400 894
2400 894
2400 894
2400 894
2400 894
2400 894
2500 894
2500 894
2500 894
2500 894
2500 894
2500 894
2500 894
2500 894
2500 894
2500 894
2500 894
2500 894
2500 894
2500 894
2500 894
2500 894
2500 894
2500 894
2500 894
2500 894
2500 894
2500 894
2500 894
2500 894
2500 894
2500 894
2500 894
2500 894
2500 894
2500 894
2500 894
2500 894
2500 894
2500 894
2500 894
2500 894
2500 894
2500 894
2500 894
2500 894
2500 894
2500 894
2500 894
2500 894
2500 894
2500 894
2500 894
2500 894
2500 894
2500 894
2500 894
2500 894
2500 894
2500 894
2500 894
2500 894
2500 894
2500 894
2500 894
2500 894
2500 894
2500 894
2500 894
2500 894
2500 894
2500 894
2500 894
2500 894
2500 894
2500 894
2500 894
2500 894
2500 894
2500 894
2500 894
2500 894
2500 894
2500 894
2500 894
2500 894
2500 894
2500 894
2500 894
2500 894
2500 894
2500 894
2500 894
2500 894
2500 894
2500 894
2500 894
2500 894
2500 894
2500 894
2500 894
2500 894
2500 894
2500 894
2500 894
2500 894
2600 886
2600 894
2600 894
2600 894
2600 894
2600 894
2600 894
2600 894
2600 894
2600 894
2600 894
2600 894
2600 894
2600 894
2600 894
2600 894
2600 894
2600 894
2600 894
2600 894
2600 894
2600 894
2600 894
2600 894
2600 894
2600 894
2600 894
2600 894
2600 894
2600 894
2600 894
2600 894
2600 894
2600 894
2600 894
2600 894
2600 894
2600 894
2600 894
2600 894
2600 894
2600 894
2600 894
2600 894
2600 894
2600 894
2600 894
2600 894
2600 894
2600 894
2600 894
2600 894
2600 894
2600 894
2600 894
2600 894
2600 894
2600 894
2600 894
2600 894
2600 894
2600 894
2600 894
2600 894
2600 894
2600 894
2600 894
2600 894
2600 894
2600 894
2600 894
2600 894
2600 894
2600 894
2600 894
2600 894
2600 894
2600 894
2600 894
2600 894
2600 894
2600 894
2600 894
2600 894
2600 894
2600 894
2600 894
2600 894
2600 894
2600 894
2600 894
2600 894
2600 894
2600 894
2600 894
2600 894
2600 894
2600 894
2600 894
2600 894
2700 892
2700 894
2700 894
2700 894
2700 894
2700 894
2700 894
2700 894
2700 894
2700 894
2700 894
2700 894
2700 894
2700 894
2700 894
2700 894
2700 894
2700 894
2700 894
2700 894
2700 894
2700 894
2700 894
2700 894
2700 894
2700 894
2700 894
2700 894
2700 894
2700 894
2700 894
2700 894
2700 894
2700 894
2700 894
2700 894
2700 894
2700 894
2700 894
2700 894
2700 894
2700 894
2700 894
2700 894
2700 894
2700 894
2700 894
2700 894
2700 894
2700 894
2700 894
2700 894
2700 894
2700 894
2700 894
2700 894
2700 894
2700 894
2700 894
2700 894
2700 894
2700 894
2700 894
2700 894
2700 894
2700 894
2700 894
2700 894
2700 894
2700 894
2700 894
2700 894
2700 894
2700 894
2700 894
2700 894
2700 894
2700 894
2700 894
2700 894
2700 894
2700 894
2700 894
2700 894
2700 894
2700 894
2700 894
2700 894
2700 894
2700 894
2700 894
2700 894
2700 894
2700 894
2700 894
2700 894
2700 894
2700 894
2700 894
2700 894
2800 894
2800 894
2800 894
2800 894
2800 894
2800 894
2800 894
2800 894
2800 894
2800 894
2800 894
2800 894
2800 894
2800 894
2800 894
2800 894
2800 894
2800 894
2800 894
2800 894
2800 894
2800 894
2800 894
2800 894
2800 894
2800 894
2800 894
2800 894
2800 894
2800 894
2800 894
2800 894
2800 894
2800 894
2800 894
2800 894
2800 894
2800 894
2800 894
2800 894
2800 894
2800 894
2800 894
2800 894
2800 894
2800 894
2800 894
2800 894
2800 894
2800 894
2800 894
2800 894
2800 894
2800 894
2800 894
2800 894
2800 894
2800 894
2800 894
2800 894
2800 894
2800 894
2800 894
2800 894
2800 894
2800 894
2800 894
2800 894
2800 894
2800 894
2800 894
2800 894
2800 894
2800 894
2800 894
2800 894
2800 894
2800 894
2800 894
2800 894
2800 894
2800 894
2800 894
2800 894
2800 894
2800 894
2800 894
2800 894
2800 894
2800 894
2800 894
2800 894
2800 894
2800 894
2800 894
2800 894
2800 894
2800 894
2800 894
2800 894
2900 894
2900 894
2900 894
2900 894
2900 894
2900 894
2900 894
2900 894
2900 894
2900 894
2900 894
2900 894
2900 894
2900 894
2900 894
2900 894
2900 894
2900 894
2900 894
2900 894
2900 894
2900 894
2900 894
2900 894
2900 894
2900 894
2900 894
2900 894
2900 894
2900 894
2900 894
2900 894
2900 894
2900 894
2900 894
2900 894
2900 894
2900 894
2900 894
2900 894
2900 894
2900 894
2900 894
2900 894
2900 894
2900 894
2900 894
2900 894
2900 894
2900 894
2900 894
2900 894
2900 894
2900 894
2900 894
2900 894
2900 894
2900 894
2900 894
2900 894
2900 894
2900 894
2900 894
2900 894
2900 894
2900 894
2900 894
2900 894
2900 894
2900 894
2900 894
2900 894
2900 894
2900 894
2900 894
2900 894
2900 894
2900 894
2900 894
2900 894
2900 894
2900 894
2900 894
2900 894
2900 894
2900 894
2900 894
2900 894
2900 894
2900 894
2900 894
2900 894
2900 894
2900 894
2900 894
2900 894
2900 894
2900 894
2900 894
2900 894
3000 894
3000 894
3000 894
3000 894
3000 894
3000 894
3000 894
3000 894
3000 894
3000 894
3000 894
3000 894
3000 894
3000 894
3000 894
3000 894
3000 894
3000 894
3000 894
3000 894
3000 894
3000 894
3000 894
3000 894
3000 894
3000 894
3000 894
3000 894
3000 894
3000 894
3000 894
3000 894
3000 894
3000 894
3000 894
3000 894
3000 894
3000 894
3000 894
3000 894
3000 894
3000 894
3000 894
3000 894
3000 894
3000 894
3000 894
3000 894
3000 894
3000 894
3000 894
3000 894
3000 894
3000 894
3000 894
3000 894
3000 894
3000 894
3000 894
3000 894
3000 894
3000 894
3000 894
3000 894
3000 894
3000 894
3000 894
3000 894
3000 894
3000 894
3000 894
3000 894
3000 894
3000 894
3000 894
3000 894
3000 894
3000 894
3000 894
3000 894
3000 894
3000 894
3000 894
3000 894
3000 894
3000 894
3000 894
3000 894
3000 894
3000 894
3000 894
3000 894
3000 894
3000 894
3000 894
3000 894
3000 894
3000 894
3000 894
3000 894
3100 894
3100 894
3100 894
3100 894
3100 894
3100 894
3100 894
3100 894
3100 894
3100 894
3100 894
3100 894
3100 894
3100 894
3100 894
3100 894
3100 894
3100 894
3100 894
3100 894
3100 894
3100 894
3100 894
3100 894
3100 894
3100 894
3100 894
3100 894
3100 894
3100 894
3100 894
3100 894
3100 894
3100 894
3100 894
3100 894
3100 894
3100 894
3100 894
3100 894
3100 894
3100 894
3100 894
3100 894
3100 894
3100 894
3100 894
3100 894
3100 894
3100 894
3100 894
3100 894
3100 894
3100 894
3100 894
3100 894
3100 894
3100 894
3100 894
3100 894
3100 894
3100 894
3100 894
3100 894
3100 894
3100 894
3100 894
3100 894
3100 894
3100 894
3100 894
3100 894
3100 894
3100 894
3100 894
3100 894
3100 894
3100 894
3100 894
3100 894
3100 894
3100 894
3100 894
3100 894
3100 894
3100 894
3100 894
3100 894
3100 894
3100 894
3100 894
3100 894
3100 894
3100 894
3100 894
3100 894
3100 894
3100 894
3100 894
3100 894
3200 894
3200 894
3200 894
3200 894
3200 894
3200 894
3200 894
3200 894
3200 894
3200 894
3200 894
3200 894
3200 894
3200 894
3200 894
3200 894
3200 894
3200 894
3200 894
3200 894
3200 894
3200 894
3200 894
3200 894
3200 894
3200 894
3200 894
3200 894
3200 894
3200 894
3200 894
3200 894
3200 894
3200 894
3200 894
3200 894
3200 894
3200 894
3200 894
3200 894
3200 894
3200 894
3200 894
3200 894
3200 894
3200 894
3200 894
3200 894
3200 894
3200 894
3200 894
3200 894
3200 894
3200 894
3200 894
3200 894
3200 894
3200 894
3200 894
3200 894
3200 894
3200 894
3200 894
3200 894
3200 894
3200 894
3200 894
3200 894
3200 894
3200 894
3200 894
3200 894
3200 894
3200 894
3200 894
3200 894
3200 894
3200 894
3200 894
3200 894
3200 894
3200 894
3200 894
3200 894
3200 894
3200 894
3200 894
3200 894
3200 894
3200 894
3200 894
3200 894
3200 894
3200 894
3200 894
3200 894
3200 894
3200 894
3200 894
3200 894
3300 894
3300 894
3300 894
3300 894
3300 894
3300 894
3300 894
3300 894
3300 894
3300 894
3300 894
3300 894
3300 894
3300 894
3300 894
3300 894
3300 894
3300 894
3300 894
3300 894
3300 894
3300 894
3300 894
3300 894
3300 894
3300 894
3300 894
3300 894
3300 894
3300 894
3300 894
3300 894
3300 894
3300 894
3300 894
3300 894
3300 894
3300 894
3300 894
3300 894
3300 894
3300 894
3300 894
3300 894
3300 894
3300 894
3300 894
3300 894
3300 894
3300 894
3300 894
3300 894
3300 894
3300 894
3300 894
3300 894
3300 894
3300 894
3300 894
3300 894
3300 894
3300 894
3300 894
3300 894
3300 894
3300 894
3300 894
3300 894
3300 894
3300 894
3300 894
3300 894
3300 894
3300 894
3300 894
3300 894
3300 894
3300 894
3300 894
3300 894
3300 894
3300 894
3300 894
3300 894
3300 894
3300 894
3300 894
3300 894
3300 894
3300 894
3300 894
3300 894
3300 894
3300 894
3300 894
3300 894
3300 894
3300 894
3300 894
3300 894
3400 894
3400 894
3400 894
3400 894
3400 894
3400 894
3400 894
3400 894
3400 894
3400 894
3400 894
3400 894
3400 894
3400 894
3400 894
3400 894
3400 894
3400 894
3400 894
3400 894
3400 894
3400 894
3400 894
3400 894
3400 894
3400 894
3400 894
3400 894
3400 894
3400 894
3400 894
3400 894
3400 894
3400 894
3400 894
3400 894
3400 894
3400 894
3400 894
3400 894
3400 894
3400 894
3400 894
3400 894
3400 894
3400 894
3400 894
3400 894
3400 894
3400 894
3400 894
3400 894
3400 894
3400 894
3400 894
3400 894
3400 894
3400 894
3400 894
3400 894
3400 894
3400 894
3400 894
3400 894
3400 894
3400 894
3400 894
3400 894
3400 894
3400 894
3400 894
3400 894
3400 894
3400 894
3400 894
3400 894
3400 894
3400 894
3400 894
3400 894
3400 894
3400 894
3400 894
3400 894
3400 894
3400 894
3400 894
3400 894
3400 894
3400 894
3400 894
3400 894
3400 894
3400 894
3400 894
3400 894
3400 894
3400 894
3400 894
3400 894
3500 894
3500 894
3500 894
3500 894
3500 894
3500 894
3500 894
3500 894
3500 894
3500 894
3500 894
3500 894
3500 894
3500 894
3500 894
3500 894
3500 894
3500 894
3500 894
3500 894
3500 894
3500 894
3500 894
3500 894
3500 894
3500 894
3500 894
3500 894
3500 894
3500 894
3500 894
3500 894
3500 894
3500 894
3500 894
3500 894
3500 894
3500 894
3500 894
3500 894
3500 894
3500 894
3500 894
3500 894
3500 894
3500 894
3500 894
3500 894
3500 894
3500 894
3500 894
3500 894
3500 894
3500 894
3500 894
3500 894
3500 894
3500 894
3500 894
3500 894
3500 894
3500 894
3500 894
3500 894
3500 894
3500 894
3500 894
3500 894
3500 894
3500 894
3500 894
3500 894
3500 894
3500 894
3500 894
3500 894
3500 894
3500 894
3500 894
3500 894
3500 894
3500 894
3500 894
3500 894
3500 894
3500 894
3500 894
3500 894
3500 894
3500 894
3500 894
3500 894
3500 894
3500 894
3500 894
3500 894
3500 894
3500 894
3500 894
3500 894
3600 888
3600 894
3600 894
3600 894
3600 894
3600 894
3600 894
3600 894
3600 894
3600 894
3600 894
3600 894
3600 894
3600 894
3600 894
3600 894
3600 894
3600 894
3600 894
3600 894
3600 894
3600 894
3600 894
3600 894
3600 894
3600 894
3600 894
3600 894
3600 894
3600 894
3600 894
3600 894
3600 894
3600 894
3600 894
3600 894
3600 894
3600 894
3600 894
3600 894
3600 894
3600 894
3600 894
3600 894
3600 894
3600 894
3600 894
3600 894
3600 894
3600 894
3600 894
3600 894
3600 894
3600 894
3600 894
3600 894
3600 894
3600 894
3600 894
3600 894
3600 894
3600 894
3600 894
3600 894
3600 894
3600 894
3600 894
3600 894
3600 894
3600 894
3600 894
3600 894
3600 894
3600 894
3600 894
3600 894
3600 894
3600 894
3600 894
3600 894
3600 894
3600 894
3600 894
3600 894
3600 894
3600 894
3600 894
3600 894
3600 894
3600 894
3600 894
3600 894
3600 894
3600 894
3600 894
3600 894
3600 894
3600 894
3600 894
3600 894
3700 894
3700 894
3700 894
3700 894
3700 894
3700 894
3700 894
3700 894
3700 894
3700 894
3700 894
3700 894
3700 894
3700 894
3700 894
3700 894
3700 894
3700 894
3700 894
3700 894
3700 894
3700 894
3700 894
3700 894
3700 894
3700 894
3700 894
3700 894
3700 894
3700 894
3700 894
3700 894
3700 894
3700 894
3700 894
3700 894
3700 894
3700 894
3700 894
3700 894
3700 894
3700 894
3700 894
3700 894
3700 894
3700 894
3700 894
3700 894
3700 894
3700 894
3700 894
3700 894
3700 894
3700 894
3700 894
3700 894
3700 894
3700 894
3700 894
3700 894
3700 894
3700 894
3700 894
3700 894
3700 894
3700 894
3700 894
3700 894
3700 894
3700 894
3700 894
3700 894
3700 894
3700 894
3700 894
3700 894
3700 894
3700 894
3700 894
3700 894
3700 894
3700 894
3700 894
3700 894
3700 894
3700 894
3700 894
3700 894
3700 894
3700 894
3700 894
3700 894
3700 894
3700 894
3700 894
3700 894
3700 894
3700 894
3700 894
3700 894
3800 894
3800 894
3800 894
3800 894
3800 894
3800 894
3800 894
3800 894
3800 894
3800 894
3800 894
3800 894
3800 894
3800 894
3800 894
3800 894
3800 894
3800 894
3800 894
3800 894
3800 894
3800 894
3800 894
3800 894
3800 894
3800 894
3800 894
3800 894
3800 894
3800 894
3800 894
3800 894
3800 894
3800 894
3800 894
3800 894
3800 894
3800 894
3800 894
3800 894
3800 894
3800 894
3800 894
3800 894
3800 894
3800 894
3800 894
3800 894
3800 894
3800 894
3800 894
3800 894
3800 894
3800 894
3800 894
3800 894
3800 894
3800 894
3800 894
3800 894
3800 894
3800 894
3800 894
3800 894
3800 894
3800 894
3800 894
3800 894
3800 894
3800 894
3800 894
3800 894
3800 894
3800 894
3800 894
3800 894
3800 894
3800 894
3800 894
3800 894
3800 894
3800 894
3800 894
3800 894
3800 894
3800 894
3800 894
3800 894
3800 894
3800 894
3800 894
3800 894
3800 894
3800 894
3800 894
3800 894
3800 894
3800 894
3800 894
3800 894
3900 894
3900 894
3900 894
3900 894
3900 894
3900 894
3900 894
3900 894
3900 894
3900 894
3900 894
3900 894
3900 894
3900 894
3900 894
3900 894
3900 894
3900 894
3900 894
3900 894
3900 894
3900 894
3900 894
3900 894
3900 894
3900 894
3900 894
3900 894
3900 894
3900 894
3900 894
3900 894
3900 894
3900 894
3900 894
3900 894
3900 894
3900 894
3900 894
3900 894
3900 894
3900 894
3900 894
3900 894
3900 894
3900 894
3900 894
3900 894
3900 894
3900 894
3900 894
3900 894
3900 894
3900 894
3900 894
3900 894
3900 894
3900 894
3900 894
3900 894
3900 894
3900 894
3900 894
3900 894
3900 894
3900 894
3900 894
3900 894
3900 894
3900 894
3900 894
3900 894
3900 894
3900 894
3900 894
3900 894
3900 894
3900 894
3900 894
3900 894
3900 894
3900 894
3900 894
3900 894
3900 894
3900 894
3900 894
3900 894
3900 894
3900 894
3900 894
3900 894
3900 894
3900 894
3900 894
3900 894
3900 894
3900 894
3900 894
3900 894
4000 892
4000 894
4000 894
4000 894
4000 894
4000 894
4000 894
4000 894
4000 894
4000 894
4000 894
4000 894
4000 894
4000 894
4000 894
4000 894
4000 894
4000 894
4000 894
4000 894
4000 894
4000 894
4000 894
4000 894
4000 894
4000 894
4000 894
4000 894
4000 894
4000 894
4000 894
4000 894
4000 894
4000 894
4000 894
4000 894
4000 894
4000 894
4000 894
4000 894
4000 894
4000 894
4000 894
4000 894
4000 894
4000 894
4000 894
4000 894
4000 894
4000 894
4000 894
4000 894
4000 894
4000 894
4000 894
4000 894
4000 894
4000 894
4000 894
4000 894
4000 894
4000 894
4000 894
4000 894
4000 894
4000 894
4000 894
4000 894
4000 894
4000 894
4000 894
4000 894
4000 894
4000 894
4000 894
4000 894
4000 894
4000 894
4000 894
4000 894
4000 894
4000 894
4000 894
4000 894
4000 894
4000 894
4000 894
4000 894
4000 894
4000 894
4000 894
4000 894
4000 894
4000 894
4000 894
4000 894
4000 894
4000 894
4000 894
4000 894
4100 884
4100 894
4100 894
4100 894
4100 894
4100 894
4100 894
4100 894
4100 894
4100 894
4100 894
4100 894
4100 894
4100 894
4100 894
4100 894
4100 894
4100 894
4100 894
4100 894
4100 894
4100 894
4100 894
4100 894
4100 894
4100 894
4100 894
4100 894
4100 894
4100 894
4100 894
4100 894
4100 894
4100 894
4100 894
4100 894
4100 894
4100 894
4100 894
4100 894
4100 894
4100 894
4100 894
4100 894
4100 894
4100 894
4100 894
4100 894
4100 894
4100 894
4100 894
4100 894
4100 894
4100 894
4100 894
4100 894
4100 894
4100 894
4100 894
4100 894
4100 894
4100 894
4100 894
4100 894
4100 894
4100 894
4100 894
4100 894
4100 894
4100 894
4100 894
4100 894
4100 894
4100 894
4100 894
4100 894
4100 894
4100 894
4100 894
4100 894
4100 894
4100 894
4100 894
4100 894
4100 894
4100 894
4100 894
4100 894
4100 894
4100 894
4100 894
4100 894
4100 894
4100 894
4100 894
4100 894
4100 894
4100 894
4100 894
4100 894
4200 894
4200 894
4200 894
4200 894
4200 894
4200 894
4200 894
4200 894
4200 894
4200 894
4200 894
4200 894
4200 894
4200 894
4200 894
4200 894
4200 894
4200 894
4200 894
4200 894
4200 894
4200 894
4200 894
4200 894
4200 894
4200 894
4200 894
4200 894
4200 894
4200 894
4200 894
4200 894
4200 894
4200 894
4200 894
4200 894
4200 894
4200 894
4200 894
4200 894
4200 894
4200 894
4200 894
4200 894
4200 894
4200 894
4200 894
4200 894
4200 894
4200 894
4200 894
4200 894
4200 894
4200 894
4200 894
4200 894
4200 894
4200 894
4200 894
4200 894
4200 894
4200 894
4200 894
4200 894
4200 894
4200 894
4200 894
4200 894
4200 894
4200 894
4200 894
4200 894
4200 894
4200 894
4200 894
4200 894
4200 894
4200 894
4200 894
4200 894
4200 894
4200 894
4200 894
4200 894
4200 894
4200 894
4200 894
4200 894
4200 894
4200 894
4200 894
4200 894
4200 894
4200 894
4200 894
4200 894
4200 894
4200 894
4200 894
4200 894
4300 894
4300 894
4300 894
4300 894
4300 894
4300 894
4300 894
4300 894
4300 894
4300 894
4300 894
4300 894
4300 894
4300 894
4300 894
4300 894
4300 894
4300 894
4300 894
4300 894
4300 894
4300 894
4300 894
4300 894
4300 894
4300 894
4300 894
4300 894
4300 894
4300 894
4300 894
4300 894
4300 894
4300 894
4300 894
4300 894
4300 894
4300 894
4300 894
4300 894
4300 894
4300 894
4300 894
4300 894
4300 894
4300 894
4300 894
4300 894
4300 894
4300 894
4300 894
4300 894
4300 894
4300 894
4300 894
4300 894
4300 894
4300 894
4300 894
4300 894
4300 894
4300 894
4300 894
4300 894
4300 894
4300 894
4300 894
4300 894
4300 894
4300 894
4300 894
4300 894
4300 894
4300 894
4300 894
4300 894
4300 894
4300 894
4300 894
4300 894
4300 894
4300 894
4300 894
4300 894
4300 894
4300 894
4300 894
4300 894
4300 894
4300 894
4300 894
4300 894
4300 894
4300 894
4300 894
4300 894
4300 894
4300 894
4300 894
4300 894
4400 894
4400 894
4400 894
4400 894
4400 894
4400 894
4400 894
4400 894
4400 894
4400 894
4400 894
4400 894
4400 894
4400 894
4400 894
4400 894
4400 894
4400 894
4400 894
4400 894
4400 894
4400 894
4400 894
4400 894
4400 894
4400 894
4400 894
4400 894
4400 894
4400 894
4400 894
4400 894
4400 894
4400 894
4400 894
4400 894
4400 894
4400 894
4400 894
4400 894
4400 894
4400 894
4400 894
4400 894
4400 894
4400 894
4400 894
4400 894
4400 894
4400 894
4400 894
4400 894
4400 894
4400 894
4400 894
4400 894
4400 894
4400 894
4400 894
4400 894
4400 894
4400 894
4400 894
4400 894
4400 894
4400 894
4400 894
4400 894
4400 894
4400 894
4400 894
4400 894
4400 894
4400 894
4400 894
4400 894
4400 894
4400 894
4400 894
4400 894
4400 894
4400 894
4400 894
4400 894
4400 894
4400 894
4400 894
4400 894
4400 894
4400 894
4400 894
4400 894
4400 894
4400 894
4400 894
4400 894
4400 894
4400 894
4400 894
4400 894
4500 892
4500 894
4500 894
4500 894
4500 894
4500 894
4500 894
4500 894
4500 894
4500 894
4500 894
4500 894
4500 894
4500 894
4500 894
4500 894
4500 894
4500 894
4500 894
4500 894
4500 894
4500 894
4500 894
4500 894
4500 894
4500 894
4500 894
4500 894
4500 894
4500 894
4500 894
4500 894
4500 894
4500 894
4500 894
4500 894
4500 894
4500 894
4500 894
4500 894
4500 894
4500 894
4500 894
4500 894
4500 894
4500 894
4500 894
4500 894
4500 894
4500 894
4500 894
4500 894
4500 894
4500 894
4500 894
4500 894
4500 894
4500 894
4500 894
4500 894
4500 894
4500 894
4500 894
4500 894
4500 894
4500 894
4500 894
4500 894
4500 894
4500 894
4500 894
4500 894
4500 894
4500 894
4500 894
4500 894
4500 894
4500 894
4500 894
4500 894
4500 894
4500 894
4500 894
4500 894
4500 894
4500 894
4500 894
4500 894
4500 894
4500 894
4500 894
4500 894
4500 894
4500 894
4500 894
4500 894
4500 894
4500 894
4500 894
4500 894
4600 894
4600 894
4600 894
4600 894
4600 894
4600 894
4600 894
4600 894
4600 894
4600 894
4600 894
4600 894
4600 894
4600 894
4600 894
4600 894
4600 894
4600 894
4600 894
4600 894
4600 894
4600 894
4600 894
4600 894
4600 894
4600 894
4600 894
4600 894
4600 894
4600 894
4600 894
4600 894
4600 894
4600 894
4600 894
4600 894
4600 894
4600 894
4600 894
4600 894
4600 894
4600 894
4600 894
4600 894
4600 894
4600 894
4600 894
4600 894
4600 894
4600 894
4600 894
4600 894
4600 894
4600 894
4600 894
4600 894
4600 894
4600 894
4600 894
4600 894
4600 894
4600 894
4600 894
4600 894
4600 894
4600 894
4600 894
4600 894
4600 894
4600 894
4600 894
4600 894
4600 894
4600 894
4600 894
4600 894
4600 894
4600 894
4600 894
4600 894
4600 894
4600 894
4600 894
4600 894
4600 894
4600 894
4600 894
4600 894
4600 894
4600 894
4600 894
4600 894
4600 894
4600 894
4600 894
4600 894
4600 894
4600 894
4600 894
4600 894
4700 874
4700 894
4700 894
4700 894
4700 894
4700 894
4700 894
4700 894
4700 894
4700 894
4700 894
4700 894
4700 894
4700 894
4700 894
4700 894
4700 894
4700 894
4700 894
4700 894
4700 894
4700 894
4700 894
4700 894
4700 894
4700 894
4700 894
4700 894
4700 894
4700 894
4700 894
4700 894
4700 894
4700 894
4700 894
4700 894
4700 894
4700 894
4700 894
4700 894
4700 894
4700 894
4700 894
4700 894
4700 894
4700 894
4700 894
4700 894
4700 894
4700 894
4700 894
4700 894
4700 894
4700 894
4700 894
4700 894
4700 894
4700 894
4700 894
4700 894
4700 894
4700 894
4700 894
4700 894
4700 894
4700 894
4700 894
4700 894
4700 894
4700 894
4700 894
4700 894
4700 894
4700 894
4700 894
4700 894
4700 894
4700 894
4700 894
4700 894
4700 894
4700 894
4700 894
4700 894
4700 894
4700 894
4700 894
4700 894
4700 894
4700 894
4700 894
4700 894
4700 894
4700 894
4700 894
4700 894
4700 894
4700 894
4700 894
4700 894
4800 894
4800 894
4800 894
4800 894
4800 894
4800 894
4800 894
4800 894
4800 894
4800 894
4800 894
4800 894
4800 894
4800 894
4800 894
4800 894
4800 894
4800 894
4800 894
4800 894
4800 894
4800 894
4800 894
4800 894
4800 894
4800 894
4800 894
4800 894
4800 894
4800 894
4800 894
4800 894
4800 894
4800 894
4800 894
4800 894
4800 894
4800 894
4800 894
4800 894
4800 894
4800 894
4800 894
4800 894
4800 894
4800 894
4800 894
4800 894
4800 894
4800 894
4800 894
4800 894
4800 894
4800 894
4800 894
4800 894
4800 894
4800 894
4800 894
4800 894
4800 894
4800 894
4800 894
4800 894
4800 894
4800 894
4800 894
4800 894
4800 894
4800 894
4800 894
4800 894
4800 894
4800 894
4800 894
4800 894
4800 894
4800 894
4800 894
4800 894
4800 894
4800 894
4800 894
4800 894
4800 894
4800 894
4800 894
4800 894
4800 894
4800 894
4800 894
4800 894
4800 894
4800 894
4800 894
4800 894
4800 894
4800 894
4800 894
4800 894
4900 892
4900 894
4900 894
4900 894
4900 894
4900 894
4900 894
4900 894
4900 894
4900 894
4900 894
4900 894
4900 894
4900 894
4900 894
4900 894
4900 894
4900 894
4900 894
4900 894
4900 894
4900 894
4900 894
4900 894
4900 894
4900 894
4900 894
4900 894
4900 894
4900 894
4900 894
4900 894
4900 894
4900 894
4900 894
4900 894
4900 894
4900 894
4900 894
4900 894
4900 894
4900 894
4900 894
4900 894
4900 894
4900 894
4900 894
4900 894
4900 894
4900 894
4900 894
4900 894
4900 894
4900 894
4900 894
4900 894
4900 894
4900 894
4900 894
4900 894
4900 894
4900 894
4900 894
4900 894
4900 894
4900 894
4900 894
4900 894
4900 894
4900 894
4900 894
4900 894
4900 894
4900 894
4900 894
4900 894
4900 894
4900 894
4900 894
4900 894
4900 894
4900 894
4900 894
4900 894
4900 894
4900 894
4900 894
4900 894
4900 894
4900 894
4900 894
4900 894
4900 894
4900 894
4900 894
4900 894
4900 894
4900 894
4900 894
4900 894
5000 894
5000 894
5000 894
5000 894
5000 894
5000 894
5000 894
5000 894
5000 894
5000 894
5000 894
5000 894
5000 894
5000 894
5000 894
5000 894
5000 894
5000 894
5000 894
5000 894
5000 894
5000 894
5000 894
5000 894
5000 894
5000 894
5000 894
5000 894
5000 894
5000 894
5000 894
5000 894
5000 894
5000 894
5000 894
5000 894
5000 894
5000 894
5000 894
5000 894
5000 894
5000 894
5000 894
5000 894
5000 894
5000 894
5000 894
5000 894
5000 894
5000 894
5000 894
5000 894
5000 894
5000 894
5000 894
5000 894
5000 894
5000 894
5000 894
5000 894
5000 894
5000 894
5000 894
5000 894
5000 894
5000 894
5000 894
5000 894
5000 894
5000 894
5000 894
5000 894
5000 894
5000 894
5000 894
5000 894
5000 894
5000 894
5000 894
5000 894
5000 894
5000 894
5000 894
5000 894
5000 894
5000 894
5000 894
5000 894
5000 894
5000 894
5000 894
5000 894
5000 894
5000 894
5000 894
5000 894
5000 894
5000 894
5000 894
5000 894
5100 886
5100 894
5100 894
5100 894
5100 894
5100 894
5100 894
5100 894
5100 894
5100 894
5100 894
5100 894
5100 894
5100 894
5100 894
5100 894
5100 894
5100 894
5100 894
5100 894
5100 894
5100 894
5100 894
5100 894
5100 894
5100 894
5100 894
5100 894
5100 894
5100 894
5100 894
5100 894
5100 894
5100 894
5100 894
5100 894
5100 894
5100 894
5100 894
5100 894
5100 894
5100 894
5100 894
5100 894
5100 894
5100 894
5100 894
5100 894
5100 894
5100 894
5100 894
5100 894
5100 894
5100 894
5100 894
5100 894
5100 894
5100 894
5100 894
5100 894
5100 894
5100 894
5100 894
5100 894
5100 894
5100 894
5100 894
5100 894
5100 894
5100 894
5100 894
5100 894
5100 894
5100 894
5100 894
5100 894
5100 894
5100 894
5100 894
5100 894
5100 894
5100 894
5100 894
5100 894
5100 894
5100 894
5100 894
5100 894
5100 894
5100 894
5100 894
5100 894
5100 894
5100 894
5100 894
5100 894
5100 894
5100 894
5100 894
5100 894
5200 894
5200 894
5200 894
5200 894
5200 894
5200 894
5200 894
5200 894
5200 894
5200 894
5200 894
5200 894
5200 894
5200 894
5200 894
5200 894
5200 894
5200 894
5200 894
5200 894
5200 894
5200 894
5200 894
5200 894
5200 894
5200 894
5200 894
5200 894
5200 894
5200 894
5200 894
5200 894
5200 894
5200 894
5200 894
5200 894
5200 894
5200 894
5200 894
5200 894
5200 894
5200 894
5200 894
5200 894
5200 894
5200 894
5200 894
5200 894
5200 894
5200 894
5200 894
5200 894
5200 894
5200 894
5200 894
5200 894
5200 894
5200 894
5200 894
5200 894
5200 894
5200 894
5200 894
5200 894
5200 894
5200 894
5200 894
5200 894
5200 894
5200 894
5200 894
5200 894
5200 894
5200 894
5200 894
5200 894
5200 894
5200 894
5200 894
5200 894
5200 894
5200 894
5200 894
5200 894
5200 894
5200 894
5200 894
5200 894
5200 894
5200 894
5200 894
5200 894
5200 894
5200 894
5200 894
5200 894
5200 894
5200 894
5200 894
5200 894
5300 894
5300 894
5300 894
5300 894
5300 894
5300 894
5300 894
5300 894
5300 894
5300 894
5300 894
5300 894
5300 894
5300 894
5300 894
5300 894
5300 894
5300 894
5300 894
5300 894
5300 894
5300 894
5300 894
5300 894
5300 894
5300 894
5300 894
5300 894
5300 894
5300 894
5300 894
5300 894
5300 894
5300 894
5300 894
5300 894
5300 894
5300 894
5300 894
5300 894
5300 894
5300 894
5300 894
5300 894
5300 894
5300 894
5300 894
5300 894
5300 894
5300 894
5300 894
5300 894
5300 894
5300 894
5300 894
5300 894
5300 894
5300 894
5300 894
5300 894
5300 894
5300 894
5300 894
5300 894
5300 894
5300 894
5300 894
5300 894
5300 894
5300 894
5300 894
5300 894
5300 894
5300 894
5300 894
5300 894
5300 894
5300 894
5300 894
5300 894
5300 894
5300 894
5300 894
5300 894
5300 894
5300 894
5300 894
5300 894
5300 894
5300 894
5300 894
5300 894
5300 894
5300 894
5300 894
5300 894
5300 894
5300 894
5300 894
5300 894
5400 894
5400 894
5400 894
5400 894
5400 894
5400 894
5400 894
5400 894
5400 894
5400 894
5400 894
5400 894
5400 894
5400 894
5400 894
5400 894
5400 894
5400 894
5400 894
5400 894
5400 894
5400 894
5400 894
5400 894
5400 894
5400 894
5400 894
5400 894
5400 894
5400 894
5400 894
5400 894
5400 894
5400 894
5400 894
5400 894
5400 894
5400 894
5400 894
5400 894
5400 894
5400 894
5400 894
5400 894
5400 894
5400 894
5400 894
5400 894
5400 894
5400 894
5400 894
5400 894
5400 894
5400 894
5400 894
5400 894
5400 894
5400 894
5400 894
5400 894
5400 894
5400 894
5400 894
5400 894
5400 894
5400 894
5400 894
5400 894
5400 894
5400 894
5400 894
5400 894
5400 894
5400 894
5400 894
5400 894
5400 894
5400 894
5400 894
5400 894
5400 894
5400 894
5400 894
5400 894
5400 894
5400 894
5400 894
5400 894
5400 894
5400 894
5400 894
5400 894
5400 894
5400 894
5400 894
5400 894
5400 894
5400 894
5400 894
5400 894
5500 894
5500 894
5500 894
5500 894
5500 894
5500 894
5500 894
5500 894
5500 894
5500 894
5500 894
5500 894
5500 894
5500 894
5500 894
5500 894
5500 894
5500 894
5500 894
5500 894
5500 894
5500 894
5500 894
5500 894
5500 894
5500 894
5500 894
5500 894
5500 894
5500 894
5500 894
5500 894
5500 894
5500 894
5500 894
5500 894
5500 894
5500 894
5500 894
5500 894
5500 894
5500 894
5500 894
5500 894
5500 894
5500 894
5500 894
5500 894
5500 894
5500 894
5500 894
5500 894
5500 894
5500 894
5500 894
5500 894
5500 894
5500 894
5500 894
5500 894
5500 894
5500 894
5500 894
5500 894
5500 894
5500 894
5500 894
5500 894
5500 894
5500 894
5500 894
5500 894
5500 894
5500 894
5500 894
5500 894
5500 894
5500 894
5500 894
5500 894
5500 894
5500 894
5500 894
5500 894
5500 894
5500 894
5500 894
5500 894
5500 894
5500 894
5500 894
5500 894
5500 894
5500 894
5500 894
5500 894
5500 894
5500 894
5500 894
5500 894
