0 6164
0 6431
0 6335
0 6245
0 6482
0 6193
0 6326
0 6319
0 6305
0 6284
0 6326
0 6185
0 6326
0 6336
0 6146
0 6380
0 6214
0 6208
0 6345
0 6356
0 6154
0 6199
0 6270
0 6225
0 6323
0 6358
0 6227
0 6261
0 6218
0 6346
0 6380
0 6436
0 6340
0 6280
0 6548
0 6276
0 6317
0 6057
0 6320
0 6424
0 6430
0 6303
0 6354
0 6022
0 6259
0 6249
0 6207
0 6284
0 6239
0 6192
0 6357
0 6271
0 6127
0 6249
0 6325
0 6362
0 6276
0 6249
0 6173
0 6346
0 6311
0 6313
0 6252
0 6246
0 6123
0 6304
0 6060
0 6228
0 6391
0 6395
0 6390
0 6198
0 6250
0 6331
0 6227
0 6265
0 6282
0 6176
0 6255
0 6195
0 6327
0 6424
0 6355
0 6310
0 6201
0 6273
0 6155
0 6186
0 6316
0 6254
0 6340
0 6465
0 6345
0 6193
0 6290
0 6175
0 6085
0 6312
0 6117
0 6325
100 6164
100 6431
100 9410
100 9397
100 9389
100 6193
100 9412
100 6319
100 6305
100 6284
100 6326
100 6185
100 9352
100 9399
100 9411
100 6380
100 9350
100 6208
100 6345
100 6356
100 9393
100 6199
100 6270
100 9415
100 6323
100 9384
100 9298
100 9367
100 9406
100 6346
100 6380
100 9464
100 6340
100 6280
100 6548
100 6276
100 9363
100 9385
100 9324
100 9401
100 6430
100 6303
100 9431
100 9400
100 6259
100 6249
100 9463
100 6284
100 6239
100 6192
100 6357
100 9286
100 9356
100 6249
100 6325
100 6362
100 6276
100 9407
100 6173
100 6346
100 6311
100 9403
100 9402
100 6246
100 9397
100 6304
100 9391
100 6228
100 6391
100 9402
100 9390
100 9406
100 9402
100 6331
100 9402
100 6265
100 9321
100 6176
100 9363
100 6195
100 9367
100 6424
100 6355
100 9358
100 9371
100 6273
100 6155
100 6186
100 6316
100 6254
100 6340
100 9408
100 6345
100 6193
100 9395
100 9394
100 9379
100 9382
100 9378
100 6325
200 9413
200 6431
200 9410
200 9405
200 9411
200 9397
200 9414
200 6319
200 6305
200 6284
200 6326
200 9413
200 9359
200 9399
200 9411
200 6380
200 9407
200 9395
200 6345
200 6356
200 9393
200 9347
200 9387
200 9415
200 6323
200 9384
200 9413
200 9386
200 9406
200 6346
200 6380
200 9464
200 9421
200 6280
200 6548
200 6276
200 9363
200 9385
200 9333
200 9423
200 6430
200 6303
200 9441
200 9400
200 9383
200 9373
200 9463
200 9406
200 9407
200 9426
200 9346
200 9338
200 9369
200 9418
200 6325
200 9405
200 9390
200 9410
200 9389
200 6346
200 6311
200 9416
200 9420
200 9395
200 9397
200 9409
200 9462
200 9405
200 6391
200 9405
200 9410
200 9417
200 9416
200 6331
200 9402
200 9414
200 9412
200 9430
200 9408
200 9410
200 9377
200 6424
200 9425
200 9371
200 9415
200 9399
200 9403
200 9411
200 9372
200 9402
200 6340
200 9408
200 6345
200 9441
200 9395
200 9398
200 9379
200 9403
200 9403
200 6325
300 9413
300 6431
300 9411
300 9463
300 9412
300 9413
300 9422
300 9428
300 9422
300 9418
300 9394
300 9425
300 9375
300 9399
300 9414
300 6380
300 9407
300 9430
300 9413
300 6356
300 9438
300 9419
300 9434
300 9415
300 9402
300 9447
300 9413
300 9387
300 9415
300 9379
300 6380
300 9464
300 9462
300 9407
300 9429
300 9462
300 9363
300 9385
300 9424
300 9446
300 9366
300 9413
300 9441
300 9415
300 9390
300 9458
300 9463
300 9413
300 9407
300 9435
300 9445
300 9400
300 9455
300 9432
300 9368
300 9405
300 9400
300 9412
300 9427
300 6346
300 9458
300 9464
300 9420
300 9395
300 9397
300 9409
300 9462
300 9435
300 6391
300 9414
300 9410
300 9417
300 9416
300 9462
300 9402
300 9414
300 9412
300 9462
300 9415
300 9410
300 9377
300 9478
300 9425
300 9373
300 9415
300 9399
300 9418
300 9411
300 9428
300 9411
300 9409
300 9427
300 9400
300 9457
300 9395
300 9460
300 9462
300 9413
300 9403
300 9425
400 9441
400 9405
400 9411
400 9463
400 9416
400 9475
400 9422
400 9435
400 9431
400 9425
400 9460
400 9425
400 9417
400 9425
400 9414
400 9407
400 9458
400 9441
400 9444
400 9428
400 9438
400 9419
400 9437
400 9415
400 9405
400 9447
400 9418
400 9426
400 9447
400 9440
400 9421
400 9464
400 9462
400 9427
400 9429
400 9462
400 9411
400 9404
400 9424
400 9446
400 9452
400 9413
400 9453
400 9420
400 9457
400 9469
400 9464
400 9414
400 9407
400 9440
400 9460
400 9417
400 9455
400 9432
400 9430
400 9405
400 9431
400 9414
400 9427
400 9444
400 9464
400 9464
400 9431
400 9474
400 9404
400 9412
400 9462
400 9435
400 9460
400 9425
400 9410
400 9417
400 9416
400 9462
400 9400
400 9415
400 9429
400 9464
400 9455
400 9413
400 9421
400 9478
400 9430
400 9456
400 9422
400 9474
400 9452
400 9411
400 9433
400 9419
400 9409
400 9432
400 9408
400 9457
400 9464
400 9460
400 9465
400 9413
400 9425
400 9425
500 9441
500 9448
500 9418
500 9463
500 9421
500 9475
500 9422
500 9461
500 9470
500 9425
500 9460
500 9425
500 9422
500 9456
500 9452
500 9428
500 9458
500 9441
500 9444
500 9439
500 9446
500 9419
500 9469
500 9452
500 9461
500 9476
500 9418
500 9426
500 9447
500 9468
500 9467
500 9464
500 9472
500 9433
500 9429
500 9462
500 9421
500 9421
500 9424
500 9446
500 9452
500 9424
500 9453
500 9420
500 9460
500 9469
500 9469
500 9463
500 9462
500 9462
500 9461
500 9417
500 9455
500 9465
500 9452
500 9430
500 9431
500 9431
500 9427
500 9444
500 9464
500 9464
500 9435
500 9479
500 9429
500 9428
500 9462
500 9462
500 9460
500 9430
500 9449
500 9417
500 9431
500 9464
500 9465
500 9423
500 9429
500 9464
500 9455
500 9421
500 9422
500 9478
500 9440
500 9456
500 9422
500 9474
500 9452
500 9425
500 9475
500 9435
500 9463
500 9432
500 9434
500 9463
500 9464
500 9462
500 9465
500 9464
500 9425
500 9446
600 9441
600 9448
600 9459
600 9463
600 9451
600 9475
600 9451
600 9461
600 9470
600 9444
600 9460
600 9445
600 9443
600 9456
600 9454
600 9458
600 9458
600 9441
600 9444
600 9462
600 9458
600 9455
600 9469
600 9452
600 9463
600 9477
600 9449
600 9450
600 9447
600 9471
600 9468
600 9464
600 9472
600 9433
600 9467
600 9463
600 9462
600 9447
600 9439
600 9458
600 9452
600 9456
600 9453
600 9446
600 9466
600 9469
600 9469
600 9475
600 9462
600 9469
600 9463
600 9432
600 9467
600 9465
600 9452
600 9436
600 9431
600 9431
600 9445
600 9444
600 9464
600 9472
600 9454
600 9479
600 9457
600 9465
600 9463
600 9464
600 9460
600 9435
600 9452
600 9450
600 9431
600 9464
600 9469
600 9448
600 9443
600 9464
600 9455
600 9453
600 9458
600 9478
600 9451
600 9465
600 9465
600 9477
600 9457
600 9450
600 9477
600 9473
600 9477
600 9432
600 9469
600 9463
600 9464
600 9462
600 9468
600 9464
600 9455
600 9450
700 9451
700 9463
700 9459
700 9463
700 9462
700 9475
700 9462
700 9461
700 9470
700 9456
700 9467
700 9464
700 9463
700 9468
700 9454
700 9458
700 9458
700 9454
700 9461
700 9462
700 9465
700 9455
700 9469
700 9454
700 9463
700 9477
700 9457
700 9460
700 9453
700 9471
700 9468
700 9464
700 9477
700 9460
700 9469
700 9465
700 9462
700 9464
700 9473
700 9459
700 9469
700 9456
700 9453
700 9475
700 9466
700 9469
700 9472
700 9475
700 9462
700 9469
700 9468
700 9456
700 9467
700 9466
700 9452
700 9453
700 9468
700 9467
700 9451
700 9479
700 9464
700 9472
700 9454
700 9479
700 9457
700 9468
700 9463
700 9464
700 9460
700 9458
700 9453
700 9455
700 9462
700 9464
700 9469
700 9452
700 9461
700 9465
700 9455
700 9471
700 9462
700 9478
700 9458
700 9472
700 9465
700 9477
700 9457
700 9452
700 9477
700 9473
700 9477
700 9465
700 9469
700 9463
700 9464
700 9462
700 9468
700 9464
700 9455
700 9470
800 9475
800 9463
800 9459
800 9467
800 9470
800 9478
800 9462
800 9469
800 9470
800 9470
800 9467
800 9464
800 9463
800 9468
800 9463
800 9469
800 9470
800 9477
800 9461
800 9464
800 9468
800 9467
800 9469
800 9462
800 9465
800 9479
800 9460
800 9462
800 9468
800 9471
800 9469
800 9471
800 9477
800 9460
800 9469
800 9466
800 9463
800 9464
800 9473
800 9466
800 9469
800 9460
800 9462
800 9475
800 9466
800 9469
800 9472
800 9475
800 9462
800 9469
800 9468
800 9466
800 9467
800 9473
800 9459
800 9462
800 9468
800 9476
800 9477
800 9479
800 9464
800 9472
800 9465
800 9479
800 9470
800 9470
800 9463
800 9468
800 9473
800 9470
800 9466
800 9463
800 9462
800 9464
800 9469
800 9467
800 9462
800 9465
800 9466
800 9471
800 9475
800 9478
800 9462
800 9479
800 9467
800 9477
800 9466
800 9462
800 9477
800 9473
800 9477
800 9465
800 9472
800 9476
800 9464
800 9462
800 9468
800 9476
800 9459
800 9470
900 9475
900 9464
900 9471
900 9467
900 9470
900 9478
900 9469
900 9470
900 9470
900 9470
900 9467
900 9465
900 9463
900 9469
900 9463
900 9469
900 9471
900 9477
900 9468
900 9467
900 9479
900 9470
900 9469
900 9472
900 9465
900 9479
900 9465
900 9464
900 9470
900 9471
900 9469
900 9471
900 9477
900 9466
900 9469
900 9466
900 9463
900 9467
900 9473
900 9468
900 9469
900 9465
900 9464
900 9475
900 9470
900 9473
900 9474
900 9475
900 9465
900 9469
900 9468
900 9466
900 9467
900 9473
900 9465
900 9471
900 9468
900 9476
900 9477
900 9479
900 9465
900 9476
900 9467
900 9479
900 9471
900 9478
900 9468
900 9468
900 9476
900 9475
900 9466
900 9466
900 9467
900 9464
900 9473
900 9467
900 9463
900 9469
900 9466
900 9472
900 9476
900 9478
900 9465
900 9479
900 9467
900 9477
900 9466
900 9470
900 9477
900 9476
900 9477
900 9465
900 9472
900 9476
900 9464
900 9476
900 9469
900 9476
900 9466
900 9470
1000 9477
1000 9472
1000 9479
1000 9467
1000 9470
1000 9478
1000 9469
1000 9470
1000 9474
1000 9470
1000 9475
1000 9472
1000 9468
1000 9478
1000 9468
1000 9473
1000 9471
1000 9477
1000 9468
1000 9467
1000 9479
1000 9471
1000 9469
1000 9472
1000 9466
1000 9479
1000 9466
1000 9465
1000 9470
1000 9471
1000 9469
1000 9471
1000 9478
1000 9469
1000 9479
1000 9468
1000 9466
1000 9467
1000 9473
1000 9468
1000 9469
1000 9466
1000 9472
1000 9475
1000 9470
1000 9473
1000 9474
1000 9475
1000 9469
1000 9474
1000 9472
1000 9466
1000 9467
1000 9475
1000 9469
1000 9471
1000 9468
1000 9476
1000 9477
1000 9479
1000 9467
1000 9476
1000 9467
1000 9479
1000 9471
1000 9478
1000 9470
1000 9468
1000 9476
1000 9475
1000 9466
1000 9477
1000 9467
1000 9477
1000 9473
1000 9467
1000 9469
1000 9469
1000 9469
1000 9473
1000 9476
1000 9478
1000 9466
1000 9479
1000 9467
1000 9478
1000 9466
1000 9471
1000 9477
1000 9476
1000 9477
1000 9465
1000 9472
1000 9476
1000 9475
1000 9476
1000 9469
1000 9476
1000 9466
1000 9470
1100 9477
1100 9472
1100 9479
1100 9472
1100 9470
1100 9478
1100 9469
1100 9470
1100 9474
1100 9470
1100 9478
1100 9472
1100 9468
1100 9478
1100 9479
1100 9473
1100 9473
1100 9477
1100 9468
1100 9471
1100 9479
1100 9477
1100 9469
1100 9479
1100 9475
1100 9479
1100 9469
1100 9479
1100 9470
1100 9472
1100 9472
1100 9471
1100 9478
1100 9469
1100 9479
1100 9468
1100 9470
1100 9469
1100 9473
1100 9478
1100 9476
1100 9469
1100 9472
1100 9478
1100 9471
1100 9473
1100 9477
1100 9477
1100 9469
1100 9474
1100 9473
1100 9471
1100 9473
1100 9475
1100 9469
1100 9478
1100 9471
1100 9476
1100 9477
1100 9479
1100 9473
1100 9476
1100 9471
1100 9479
1100 9471
1100 9478
1100 9477
1100 9468
1100 9476
1100 9475
1100 9470
1100 9477
1100 9471
1100 9477
1100 9473
1100 9469
1100 9469
1100 9469
1100 9469
1100 9474
1100 9476
1100 9478
1100 9468
1100 9479
1100 9467
1100 9478
1100 9478
1100 9474
1100 9477
1100 9476
1100 9478
1100 9475
1100 9472
1100 9476
1100 9475
1100 9476
1100 9469
1100 9476
1100 9468
1100 9470
1200 9477
1200 9472
1200 9479
1200 9472
1200 9479
1200 9478
1200 9476
1200 9476
1200 9474
1200 9477
1200 9478
1200 9472
1200 9472
1200 9478
1200 9479
1200 9478
1200 9473
1200 9477
1200 9472
1200 9475
1200 9479
1200 9478
1200 9473
1200 9479
1200 9475
1200 9479
1200 9475
1200 9479
1200 9478
1200 9476
1200 9472
1200 9472
1200 9478
1200 9476
1200 9479
1200 9478
1200 9477
1200 9472
1200 9473
1200 9478
1200 9476
1200 9471
1200 9472
1200 9478
1200 9471
1200 9474
1200 9477
1200 9477
1200 9450
1200 9474
1200 9478
1200 9479
1200 9473
1200 9475
1200 9476
1200 9478
1200 9471
1200 9476
1200 9477
1200 9479
1200 9476
1200 9477
1200 9471
1200 9479
1200 9474
1200 9478
1200 9477
1200 9478
1200 9476
1200 9475
1200 9474
1200 9477
1200 9471
1200 9477
1200 9477
1200 9475
1200 9471
1200 9475
1200 9477
1200 9474
1200 9476
1200 9478
1200 9470
1200 9480
1200 9479
1200 9478
1200 9478
1200 9474
1200 9477
1200 9476
1200 9478
1200 9475
1200 9472
1200 9476
1200 9476
1200 9477
1200 9470
1200 9476
1200 9475
1200 9473
1300 9478
1300 9478
1300 9479
1300 9478
1300 9479
1300 9478
1300 9476
1300 9479
1300 9474
1300 9479
1300 9478
1300 9479
1300 9475
1300 9478
1300 9479
1300 9478
1300 9474
1300 9477
1300 9477
1300 9475
1300 9479
1300 9478
1300 9478
1300 9479
1300 9478
1300 9479
1300 9476
1300 9479
1300 9478
1300 9476
1300 9479
1300 9476
1300 9479
1300 9477
1300 9479
1300 9479
1300 9477
1300 9474
1300 9477
1300 9478
1300 9479
1300 9479
1300 9478
1300 9478
1300 9474
1300 9476
1300 9479
1300 9477
1300 9477
1300 9480
1300 9478
1300 9479
1300 9480
1300 9475
1300 9476
1300 9478
1300 9475
1300 9476
1300 9481
1300 9479
1300 9477
1300 9477
1300 9476
1300 9479
1300 9478
1300 9478
1300 9477
1300 9478
1300 9476
1300 9475
1300 9474
1300 9477
1300 9475
1300 9477
1300 9480
1300 9475
1300 9477
1300 9475
1300 9477
1300 9476
1300 9476
1300 9478
1300 9473
1300 9480
1300 9480
1300 9478
1300 9478
1300 9474
1300 9477
1300 9476
1300 9478
1300 9475
1300 9473
1300 9476
1300 9476
1300 9477
1300 9479
1300 9476
1300 9475
1300 9473
1400 9478
1400 9478
1400 9479
1400 9479
1400 9479
1400 9478
1400 9477
1400 9479
1400 9478
1400 9479
1400 9478
1400 9479
1400 9477
1400 9478
1400 9479
1400 9478
1400 9477
1400 9477
1400 9480
1400 9479
1400 9479
1400 9478
1400 9478
1400 9479
1400 9478
1400 9479
1400 9478
1400 9479
1400 9478
1400 9480
1400 9479
1400 9475
1400 9479
1400 9477
1400 9479
1400 9479
1400 9477
1400 9476
1400 9477
1400 9479
1400 9479
1400 9479
1400 9478
1400 9478
1400 9477
1400 9478
1400 9479
1400 9477
1400 9477
1400 9480
1400 9478
1400 9479
1400 9480
1400 9478
1400 9476
1400 9478
1400 9478
1400 9476
1400 9481
1400 9479
1400 9478
1400 9477
1400 9476
1400 9479
1400 9479
1400 9478
1400 9479
1400 9478
1400 9477
1400 9477
1400 9477
1400 9477
1400 9477
1400 9477
1400 9480
1400 9479
1400 9477
1400 9477
1400 9477
1400 9476
1400 9476
1400 9478
1400 9476
1400 9480
1400 9480
1400 9478
1400 9478
1400 9477
1400 9477
1400 9477
1400 9479
1400 9477
1400 9476
1400 9476
1400 9479
1400 9478
1400 9479
1400 9476
1400 9476
1400 9478
1500 9478
1500 9478
1500 9479
1500 9480
1500 9479
1500 9478
1500 9478
1500 9479
1500 9478
1500 9479
1500 9478
1500 9479
1500 9479
1500 9478
1500 9479
1500 9479
1500 9478
1500 9479
1500 9480
1500 9479
1500 9479
1500 9478
1500 9478
1500 9479
1500 9479
1500 9479
1500 9479
1500 9479
1500 9482
1500 9480
1500 9479
1500 9478
1500 9479
1500 9474
1500 9479
1500 9479
1500 9477
1500 9477
1500 9477
1500 9479
1500 9479
1500 9479
1500 9479
1500 9478
1500 9478
1500 9478
1500 9479
1500 9477
1500 9477
1500 9480
1500 9478
1500 9479
1500 9480
1500 9478
1500 9477
1500 9479
1500 9478
1500 9477
1500 9481
1500 9480
1500 9478
1500 9477
1500 9478
1500 9479
1500 9479
1500 9478
1500 9479
1500 9478
1500 9478
1500 9477
1500 9477
1500 9477
1500 9477
1500 9477
1500 9480
1500 9479
1500 9477
1500 9477
1500 9477
1500 9477
1500 9477
1500 9478
1500 9477
1500 9480
1500 9480
1500 9478
1500 9478
1500 9478
1500 9477
1500 9477
1500 9479
1500 9477
1500 9479
1500 9479
1500 9479
1500 9478
1500 9479
1500 9478
1500 9479
1500 9478
1600 9478
1600 9478
1600 9479
1600 9480
1600 9479
1600 9478
1600 9478
1600 9479
1600 9478
1600 9482
1600 9478
1600 9479
1600 9479
1600 9478
1600 9479
1600 9479
1600 9479
1600 9479
1600 9480
1600 9479
1600 9479
1600 9479
1600 9479
1600 9479
1600 9479
1600 9479
1600 9479
1600 9479
1600 9482
1600 9480
1600 9480
1600 9478
1600 9479
1600 9479
1600 9479
1600 9479
1600 9482
1600 9480
1600 9479
1600 9479
1600 9479
1600 9479
1600 9479
1600 9478
1600 9478
1600 9479
1600 9479
1600 9479
1600 9479
1600 9480
1600 9478
1600 9479
1600 9480
1600 9478
1600 9478
1600 9480
1600 9478
1600 9478
1600 9481
1600 9480
1600 9479
1600 9479
1600 9479
1600 9479
1600 9479
1600 9478
1600 9479
1600 9478
1600 9479
1600 9478
1600 9480
1600 9479
1600 9465
1600 9477
1600 9480
1600 9479
1600 9477
1600 9477
1600 9477
1600 9477
1600 9477
1600 9479
1600 9477
1600 9480
1600 9480
1600 9480
1600 9478
1600 9478
1600 9477
1600 9477
1600 9479
1600 9477
1600 9479
1600 9479
1600 9479
1600 9478
1600 9479
1600 9478
1600 9479
1600 9478
1700 9479
1700 9479
1700 9479
1700 9480
1700 9479
1700 9478
1700 9478
1700 9480
1700 9478
1700 9482
1700 9478
1700 9479
1700 9480
1700 9478
1700 9479
1700 9479
1700 9479
1700 9479
1700 9480
1700 9479
1700 9479
1700 9479
1700 9479
1700 9479
1700 9479
1700 9479
1700 9479
1700 9479
1700 9482
1700 9480
1700 9480
1700 9478
1700 9479
1700 9479
1700 9479
1700 9479
1700 9482
1700 9480
1700 9479
1700 9479
1700 9479
1700 9480
1700 9479
1700 9478
1700 9478
1700 9479
1700 9479
1700 9479
1700 9479
1700 9480
1700 9478
1700 9479
1700 9480
1700 9478
1700 9478
1700 9480
1700 9478
1700 9478
1700 9481
1700 9480
1700 9479
1700 9479
1700 9479
1700 9480
1700 9479
1700 9479
1700 9479
1700 9479
1700 9479
1700 9478
1700 9480
1700 9479
1700 9479
1700 9478
1700 9480
1700 9479
1700 9479
1700 9480
1700 9479
1700 9478
1700 9478
1700 9479
1700 9479
1700 9480
1700 9480
1700 9480
1700 9478
1700 9478
1700 9479
1700 9479
1700 9479
1700 9479
1700 9479
1700 9479
1700 9479
1700 9478
1700 9479
1700 9478
1700 9479
1700 9479
1800 9476
1800 9479
1800 9479
1800 9480
1800 9479
1800 9479
1800 9479
1800 9480
1800 9479
1800 9482
1800 9479
1800 9479
1800 9480
1800 9479
1800 9479
1800 9479
1800 9479
1800 9479
1800 9480
1800 9479
1800 9479
1800 9479
1800 9480
1800 9479
1800 9479
1800 9480
1800 9479
1800 9479
1800 9482
1800 9480
1800 9480
1800 9479
1800 9479
1800 9479
1800 9479
1800 9479
1800 9482
1800 9480
1800 9479
1800 9479
1800 9479
1800 9480
1800 9479
1800 9479
1800 9479
1800 9479
1800 9479
1800 9479
1800 9479
1800 9480
1800 9480
1800 9479
1800 9480
1800 9480
1800 9479
1800 9480
1800 9479
1800 9479
1800 9481
1800 9481
1800 9479
1800 9479
1800 9479
1800 9480
1800 9479
1800 9479
1800 9479
1800 9480
1800 9479
1800 9480
1800 9480
1800 9479
1800 9479
1800 9479
1800 9480
1800 9479
1800 9479
1800 9480
1800 9479
1800 9480
1800 9479
1800 9479
1800 9479
1800 9480
1800 9480
1800 9480
1800 9480
1800 9479
1800 9479
1800 9479
1800 9479
1800 9479
1800 9479
1800 9479
1800 9479
1800 9479
1800 9479
1800 9479
1800 9479
1800 9479
1900 9476
1900 9479
1900 9479
1900 9480
1900 9479
1900 9479
1900 9479
1900 9480
1900 9479
1900 9482
1900 9479
1900 9479
1900 9480
1900 9479
1900 9479
1900 9479
1900 9479
1900 9479
1900 9480
1900 9479
1900 9479
1900 9479
1900 9480
1900 9479
1900 9479
1900 9480
1900 9479
1900 9479
1900 9482
1900 9480
1900 9481
1900 9479
1900 9479
1900 9479
1900 9479
1900 9479
1900 9482
1900 9480
1900 9479
1900 9479
1900 9479
1900 9480
1900 9479
1900 9479
1900 9479
1900 9479
1900 9479
1900 9479
1900 9479
1900 9480
1900 9480
1900 9479
1900 9480
1900 9480
1900 9480
1900 9480
1900 9479
1900 9479
1900 9481
1900 9481
1900 9480
1900 9479
1900 9479
1900 9480
1900 9479
1900 9479
1900 9479
1900 9480
1900 9479
1900 9480
1900 9480
1900 9479
1900 9480
1900 9479
1900 9480
1900 9479
1900 9479
1900 9480
1900 9479
1900 9480
1900 9479
1900 9479
1900 9479
1900 9480
1900 9480
1900 9480
1900 9482
1900 9479
1900 9479
1900 9479
1900 9479
1900 9479
1900 9479
1900 9480
1900 9479
1900 9479
1900 9480
1900 9479
1900 9479
1900 9479
2000 9480
2000 9480
2000 9480
2000 9480
2000 9479
2000 9479
2000 9479
2000 9480
2000 9479
2000 9482
2000 9479
2000 9479
2000 9480
2000 9480
2000 9479
2000 9479
2000 9479
2000 9479
2000 9480
2000 9479
2000 9479
2000 9479
2000 9480
2000 9479
2000 9479
2000 9480
2000 9479
2000 9479
2000 9482
2000 9480
2000 9481
2000 9479
2000 9479
2000 9480
2000 9479
2000 9479
2000 9482
2000 9480
2000 9479
2000 9479
2000 9479
2000 9480
2000 9479
2000 9479
2000 9479
2000 9479
2000 9479
2000 9479
2000 9480
2000 9480
2000 9480
2000 9479
2000 9480
2000 9480
2000 9480
2000 9480
2000 9479
2000 9480
2000 9481
2000 9481
2000 9484
2000 9479
2000 9479
2000 9480
2000 9480
2000 9479
2000 9479
2000 9480
2000 9479
2000 9480
2000 9480
2000 9479
2000 9480
2000 9479
2000 9480
2000 9479
2000 9479
2000 9480
2000 9479
2000 9480
2000 9479
2000 9479
2000 9479
2000 9480
2000 9480
2000 9480
2000 9482
2000 9479
2000 9479
2000 9479
2000 9479
2000 9479
2000 9479
2000 9480
2000 9479
2000 9479
2000 9480
2000 9479
2000 9480
2000 9479
2100 9480
2100 9480
2100 9480
2100 9480
2100 9480
2100 9480
2100 9480
2100 9480
2100 9480
2100 9482
2100 9475
2100 9479
2100 9480
2100 9480
2100 9479
2100 9479
2100 9479
2100 9479
2100 9480
2100 9479
2100 9480
2100 9479
2100 9480
2100 9479
2100 9479
2100 9480
2100 9479
2100 9479
2100 9482
2100 9480
2100 9481
2100 9479
2100 9479
2100 9480
2100 9479
2100 9479
2100 9482
2100 9480
2100 9479
2100 9479
2100 9479
2100 9480
2100 9479
2100 9479
2100 9479
2100 9479
2100 9479
2100 9479
2100 9480
2100 9480
2100 9480
2100 9479
2100 9480
2100 9480
2100 9480
2100 9480
2100 9479
2100 9480
2100 9481
2100 9481
2100 9484
2100 9479
2100 9479
2100 9480
2100 9480
2100 9479
2100 9479
2100 9480
2100 9479
2100 9480
2100 9480
2100 9479
2100 9480
2100 9479
2100 9480
2100 9479
2100 9479
2100 9480
2100 9479
2100 9480
2100 9479
2100 9480
2100 9479
2100 9480
2100 9480
2100 9480
2100 9482
2100 9479
2100 9479
2100 9480
2100 9479
2100 9479
2100 9479
2100 9480
2100 9479
2100 9479
2100 9480
2100 9479
2100 9480
2100 9479
2200 9480
2200 9480
2200 9480
2200 9480
2200 9480
2200 9480
2200 9480
2200 9480
2200 9480
2200 9482
2200 9480
2200 9424
2200 9480
2200 9480
2200 9479
2200 9481
2200 9479
2200 9479
2200 9480
2200 9479
2200 9480
2200 9479
2200 9480
2200 9479
2200 9479
2200 9480
2200 9479
2200 9479
2200 9482
2200 9480
2200 9482
2200 9479
2200 9479
2200 9480
2200 9479
2200 9479
2200 9482
2200 9480
2200 9479
2200 9479
2200 9479
2200 9480
2200 9479
2200 9479
2200 9479
2200 9479
2200 9479
2200 9479
2200 9480
2200 9480
2200 9480
2200 9479
2200 9480
2200 9480
2200 9480
2200 9480
2200 9479
2200 9480
2200 9481
2200 9481
2200 9484
2200 9479
2200 9479
2200 9480
2200 9480
2200 9479
2200 9479
2200 9480
2200 9479
2200 9480
2200 9480
2200 9479
2200 9480
2200 9479
2200 9480
2200 9479
2200 9479
2200 9480
2200 9479
2200 9480
2200 9479
2200 9480
2200 9479
2200 9480
2200 9480
2200 9480
2200 9484
2200 9479
2200 9479
2200 9484
2200 9479
2200 9479
2200 9479
2200 9480
2200 9479
2200 9479
2200 9480
2200 9479
2200 9480
2200 9480
2300 9480
2300 9480
2300 9482
2300 9480
2300 9480
2300 9480
2300 9480
2300 9483
2300 9481
2300 9482
2300 9480
2300 9480
2300 9480
2300 9480
2300 9460
2300 9481
2300 9479
2300 9479
2300 9480
2300 9479
2300 9480
2300 9479
2300 9480
2300 9479
2300 9479
2300 9480
2300 9479
2300 9479
2300 9482
2300 9480
2300 9482
2300 9479
2300 9479
2300 9480
2300 9479
2300 9479
2300 9482
2300 9480
2300 9479
2300 9479
2300 9479
2300 9480
2300 9479
2300 9479
2300 9479
2300 9479
2300 9479
2300 9479
2300 9480
2300 9480
2300 9480
2300 9479
2300 9480
2300 9484
2300 9480
2300 9480
2300 9479
2300 9480
2300 9481
2300 9481
2300 9484
2300 9479
2300 9479
2300 9480
2300 9480
2300 9479
2300 9479
2300 9480
2300 9479
2300 9480
2300 9480
2300 9479
2300 9480
2300 9483
2300 9480
2300 9479
2300 9479
2300 9480
2300 9479
2300 9480
2300 9479
2300 9480
2300 9479
2300 9480
2300 9480
2300 9480
2300 9484
2300 9479
2300 9479
2300 9484
2300 9479
2300 9479
2300 9479
2300 9480
2300 9479
2300 9479
2300 9480
2300 9481
2300 9480
2300 9480
2400 9480
2400 9480
2400 9482
2400 9480
2400 9480
2400 9480
2400 9480
2400 9484
2400 9481
2400 9484
2400 9480
2400 9480
2400 9480
2400 9480
2400 9480
2400 9482
2400 9480
2400 9480
2400 9480
2400 9480
2400 9480
2400 9400
2400 9480
2400 9479
2400 9479
2400 9480
2400 9479
2400 9479
2400 9482
2400 9480
2400 9482
2400 9479
2400 9479
2400 9484
2400 9479
2400 9479
2400 9482
2400 9480
2400 9479
2400 9479
2400 9479
2400 9480
2400 9479
2400 9479
2400 9479
2400 9479
2400 9479
2400 9479
2400 9480
2400 9484
2400 9480
2400 9479
2400 9480
2400 9484
2400 9480
2400 9480
2400 9479
2400 9480
2400 9484
2400 9481
2400 9484
2400 9479
2400 9479
2400 9480
2400 9480
2400 9479
2400 9479
2400 9481
2400 9479
2400 9480
2400 9480
2400 9479
2400 9480
2400 9483
2400 9480
2400 9479
2400 9479
2400 9480
2400 9479
2400 9480
2400 9479
2400 9480
2400 9479
2400 9480
2400 9480
2400 9480
2400 9484
2400 9479
2400 9479
2400 9484
2400 9479
2400 9479
2400 9479
2400 9480
2400 9479
2400 9479
2400 9484
2400 9481
2400 9480
2400 9480
2500 9480
2500 9480
2500 9484
2500 9480
2500 9480
2500 9480
2500 9480
2500 9484
2500 9481
2500 9484
2500 9480
2500 9480
2500 9480
2500 9481
2500 9480
2500 9482
2500 9480
2500 9480
2500 9480
2500 9480
2500 9480
2500 9480
2500 9480
2500 9456
2500 9479
2500 9480
2500 9480
2500 9479
2500 9484
2500 9480
2500 9482
2500 9479
2500 9480
2500 9484
2500 9480
2500 9479
2500 9482
2500 9480
2500 9484
2500 9479
2500 9479
2500 9480
2500 9479
2500 9480
2500 9479
2500 9479
2500 9479
2500 9479
2500 9481
2500 9484
2500 9480
2500 9479
2500 9480
2500 9484
2500 9480
2500 9480
2500 9480
2500 9480
2500 9484
2500 9481
2500 9484
2500 9479
2500 9480
2500 9480
2500 9480
2500 9479
2500 9479
2500 9484
2500 9479
2500 9480
2500 9480
2500 9479
2500 9480
2500 9483
2500 9480
2500 9479
2500 9479
2500 9480
2500 9479
2500 9480
2500 9479
2500 9480
2500 9479
2500 9480
2500 9480
2500 9480
2500 9484
2500 9483
2500 9479
2500 9484
2500 9479
2500 9479
2500 9479
2500 9480
2500 9479
2500 9479
2500 9484
2500 9484
2500 9484
2500 9480
2600 9480
2600 9480
2600 9484
2600 9480
2600 9480
2600 9480
2600 9480
2600 9484
2600 9482
2600 9484
2600 9480
2600 9480
2600 9480
2600 9481
2600 9480
2600 9482
2600 9480
2600 9480
2600 9480
2600 9480
2600 9480
2600 9480
2600 9480
2600 9481
2600 9480
2600 9480
2600 9483
2600 9482
2600 9484
2600 9482
2600 9482
2600 9484
2600 9480
2600 9484
2600 9483
2600 9482
2600 9482
2600 9480
2600 9484
2600 9471
2600 9479
2600 9480
2600 9479
2600 9480
2600 9479
2600 9479
2600 9484
2600 9479
2600 9481
2600 9484
2600 9480
2600 9479
2600 9480
2600 9484
2600 9480
2600 9480
2600 9480
2600 9480
2600 9484
2600 9481
2600 9484
2600 9479
2600 9480
2600 9480
2600 9480
2600 9479
2600 9479
2600 9484
2600 9479
2600 9480
2600 9480
2600 9479
2600 9480
2600 9483
2600 9484
2600 9479
2600 9479
2600 9480
2600 9479
2600 9480
2600 9479
2600 9484
2600 9479
2600 9480
2600 9480
2600 9480
2600 9484
2600 9483
2600 9479
2600 9484
2600 9479
2600 9480
2600 9479
2600 9480
2600 9479
2600 9479
2600 9484
2600 9484
2600 9484
2600 9480
2700 9480
2700 9480
2700 9484
2700 9480
2700 9480
2700 9481
2700 9480
2700 9484
2700 9482
2700 9484
2700 9480
2700 9480
2700 9480
2700 9481
2700 9480
2700 9482
2700 9481
2700 9480
2700 9480
2700 9482
2700 9480
2700 9480
2700 9480
2700 9481
2700 9480
2700 9480
2700 9483
2700 9482
2700 9484
2700 9482
2700 9482
2700 9484
2700 9480
2700 9484
2700 9483
2700 9482
2700 9482
2700 9480
2700 9484
2700 9480
2700 9480
2700 9482
2700 9480
2700 9480
2700 9484
2700 9480
2700 9484
2700 9480
2700 9481
2700 9484
2700 9480
2700 9480
2700 9480
2700 9484
2700 9482
2700 9480
2700 9480
2700 9480
2700 9484
2700 9484
2700 9484
2700 9482
2700 9484
2700 9480
2700 9480
2700 9480
2700 9473
2700 9484
2700 9479
2700 9480
2700 9480
2700 9479
2700 9480
2700 9483
2700 9484
2700 9479
2700 9479
2700 9480
2700 9482
2700 9480
2700 9479
2700 9484
2700 9479
2700 9480
2700 9480
2700 9480
2700 9484
2700 9483
2700 9480
2700 9484
2700 9481
2700 9480
2700 9479
2700 9480
2700 9479
2700 9479
2700 9484
2700 9484
2700 9484
2700 9480
2800 9481
2800 9480
2800 9484
2800 9480
2800 9480
2800 9481
2800 9484
2800 9484
2800 9482
2800 9484
2800 9480
2800 9480
2800 9480
2800 9481
2800 9483
2800 9483
2800 9482
2800 9480
2800 9480
2800 9482
2800 9484
2800 9480
2800 9484
2800 9481
2800 9480
2800 9480
2800 9484
2800 9482
2800 9484
2800 9482
2800 9482
2800 9484
2800 9480
2800 9484
2800 9483
2800 9482
2800 9482
2800 9480
2800 9484
2800 9480
2800 9480
2800 9482
2800 9480
2800 9480
2800 9484
2800 9480
2800 9484
2800 9480
2800 9481
2800 9484
2800 9480
2800 9480
2800 9480
2800 9484
2800 9482
2800 9480
2800 9480
2800 9482
2800 9484
2800 9484
2800 9484
2800 9484
2800 9484
2800 9480
2800 9480
2800 9480
2800 9484
2800 9484
2800 9482
2800 9480
2800 9480
2800 9480
2800 9480
2800 9483
2800 9484
2800 9480
2800 9482
2800 9481
2800 9482
2800 9480
2800 9484
2800 9484
2800 9482
2800 9482
2800 9480
2800 9480
2800 9484
2800 9483
2800 9480
2800 9484
2800 9481
2800 9481
2800 9481
2800 9480
2800 9480
2800 9483
2800 9484
2800 9484
2800 9484
2800 9481
2900 9481
2900 9484
2900 9484
2900 9482
2900 9481
2900 9481
2900 9484
2900 9484
2900 9482
2900 9484
2900 9481
2900 9484
2900 9483
2900 9481
2900 9483
2900 9483
2900 9482
2900 9484
2900 9469
2900 9484
2900 9484
2900 9482
2900 9484
2900 9481
2900 9480
2900 9480
2900 9484
2900 9482
2900 9484
2900 9482
2900 9482
2900 9484
2900 9480
2900 9484
2900 9483
2900 9482
2900 9482
2900 9480
2900 9484
2900 9480
2900 9480
2900 9482
2900 9484
2900 9480
2900 9484
2900 9480
2900 9484
2900 9480
2900 9481
2900 9484
2900 9480
2900 9480
2900 9483
2900 9484
2900 9482
2900 9480
2900 9482
2900 9484
2900 9484
2900 9484
2900 9484
2900 9484
2900 9484
2900 9480
2900 9480
2900 9480
2900 9484
2900 9484
2900 9482
2900 9480
2900 9480
2900 9480
2900 9480
2900 9483
2900 9484
2900 9484
2900 9482
2900 9481
2900 9482
2900 9480
2900 9484
2900 9484
2900 9482
2900 9482
2900 9480
2900 9480
2900 9484
2900 9483
2900 9480
2900 9484
2900 9481
2900 9481
2900 9481
2900 9480
2900 9480
2900 9483
2900 9484
2900 9484
2900 9484
2900 9481
3000 9481
3000 9484
3000 9484
3000 9482
3000 9484
3000 9481
3000 9484
3000 9484
3000 9482
3000 9484
3000 9484
3000 9484
3000 9483
3000 9484
3000 9483
3000 9483
3000 9482
3000 9484
3000 9484
3000 9484
3000 9484
3000 9482
3000 9484
3000 9481
3000 9484
3000 9483
3000 9484
3000 9482
3000 9484
3000 9484
3000 9482
3000 9484
3000 9481
3000 9484
3000 9483
3000 9482
3000 9482
3000 9484
3000 9484
3000 9481
3000 9484
3000 9482
3000 9484
3000 9484
3000 9484
3000 9480
3000 9484
3000 9483
3000 9481
3000 9484
3000 9480
3000 9480
3000 9483
3000 9484
3000 9482
3000 9480
3000 9482
3000 9484
3000 9484
3000 9484
3000 9484
3000 9484
3000 9484
3000 9480
3000 9480
3000 9480
3000 9484
3000 9484
3000 9482
3000 9480
3000 9484
3000 9484
3000 9480
3000 9483
3000 9484
3000 9484
3000 9482
3000 9481
3000 9482
3000 9480
3000 9484
3000 9484
3000 9482
3000 9484
3000 9480
3000 9480
3000 9484
3000 9483
3000 9480
3000 9484
3000 9481
3000 9482
3000 9481
3000 9481
3000 9480
3000 9483
3000 9484
3000 9484
3000 9484
3000 9481
3100 9481
3100 9484
3100 9484
3100 9482
3100 9484
3100 9481
3100 9484
3100 9484
3100 9482
3100 9484
3100 9484
3100 9484
3100 9483
3100 9484
3100 9484
3100 9483
3100 9482
3100 9484
3100 9484
3100 9484
3100 9484
3100 9482
3100 9484
3100 9481
3100 9484
3100 9483
3100 9484
3100 9482
3100 9484
3100 9484
3100 9482
3100 9484
3100 9481
3100 9484
3100 9483
3100 9482
3100 9484
3100 9484
3100 9484
3100 9481
3100 9484
3100 9482
3100 9484
3100 9484
3100 9484
3100 9484
3100 9484
3100 9483
3100 9481
3100 9484
3100 9484
3100 9484
3100 9484
3100 9484
3100 9482
3100 9484
3100 9482
3100 9484
3100 9484
3100 9484
3100 9484
3100 9484
3100 9484
3100 9484
3100 9484
3100 9484
3100 9484
3100 9484
3100 9484
3100 9481
3100 9484
3100 9484
3100 9480
3100 9483
3100 9484
3100 9484
3100 9482
3100 9481
3100 9482
3100 9480
3100 9484
3100 9484
3100 9483
3100 9484
3100 9482
3100 9480
3100 9484
3100 9483
3100 9480
3100 9484
3100 9481
3100 9482
3100 9481
3100 9481
3100 9480
3100 9483
3100 9484
3100 9484
3100 9484
3100 9484
3200 9484
3200 9484
3200 9484
3200 9482
3200 9484
3200 9484
3200 9484
3200 9484
3200 9482
3200 9484
3200 9484
3200 9484
3200 9483
3200 9484
3200 9484
3200 9483
3200 9482
3200 9484
3200 9484
3200 9484
3200 9484
3200 9482
3200 9484
3200 9482
3200 9484
3200 9483
3200 9484
3200 9482
3200 9484
3200 9484
3200 9482
3200 9484
3200 9484
3200 9484
3200 9483
3200 9482
3200 9484
3200 9484
3200 9484
3200 9484
3200 9484
3200 9482
3200 9484
3200 9484
3200 9484
3200 9484
3200 9484
3200 9483
3200 9468
3200 9484
3200 9484
3200 9484
3200 9484
3200 9484
3200 9484
3200 9484
3200 9482
3200 9484
3200 9484
3200 9484
3200 9484
3200 9484
3200 9484
3200 9484
3200 9484
3200 9484
3200 9484
3200 9484
3200 9484
3200 9481
3200 9484
3200 9484
3200 9484
3200 9483
3200 9484
3200 9484
3200 9482
3200 9481
3200 9482
3200 9484
3200 9484
3200 9484
3200 9483
3200 9484
3200 9482
3200 9484
3200 9484
3200 9483
3200 9484
3200 9484
3200 9483
3200 9483
3200 9481
3200 9481
3200 9484
3200 9483
3200 9484
3200 9484
3200 9484
3200 9484
3300 9484
3300 9484
3300 9484
3300 9484
3300 9484
3300 9484
3300 9484
3300 9484
3300 9484
3300 9484
3300 9484
3300 9484
3300 9483
3300 9484
3300 9484
3300 9483
3300 9484
3300 9484
3300 9484
3300 9484
3300 9484
3300 9483
3300 9484
3300 9474
3300 9484
3300 9483
3300 9484
3300 9482
3300 9484
3300 9484
3300 9482
3300 9484
3300 9484
3300 9484
3300 9483
3300 9482
3300 9484
3300 9484
3300 9484
3300 9484
3300 9484
3300 9482
3300 9484
3300 9484
3300 9484
3300 9484
3300 9484
3300 9483
3300 9484
3300 9484
3300 9484
3300 9484
3300 9484
3300 9484
3300 9484
3300 9484
3300 9482
3300 9484
3300 9484
3300 9484
3300 9484
3300 9484
3300 9484
3300 9484
3300 9484
3300 9484
3300 9484
3300 9484
3300 9484
3300 9483
3300 9484
3300 9484
3300 9484
3300 9483
3300 9484
3300 9484
3300 9484
3300 9484
3300 9482
3300 9484
3300 9484
3300 9484
3300 9483
3300 9484
3300 9482
3300 9484
3300 9484
3300 9483
3300 9484
3300 9484
3300 9483
3300 9483
3300 9482
3300 9484
3300 9484
3300 9483
3300 9484
3300 9484
3300 9484
3300 9484
3400 9484
3400 9484
3400 9484
3400 9484
3400 9484
3400 9484
3400 9484
3400 9484
3400 9484
3400 9484
3400 9484
3400 9484
3400 9483
3400 9484
3400 9484
3400 9483
3400 9484
3400 9484
3400 9484
3400 9484
3400 9484
3400 9483
3400 9484
3400 9483
3400 9484
3400 9483
3400 9484
3400 9484
3400 9484
3400 9484
3400 9484
3400 9484
3400 9484
3400 9484
3400 9483
3400 9484
3400 9484
3400 9484
3400 9484
3400 9484
3400 9484
3400 9484
3400 9484
3400 9484
3400 9484
3400 9484
3400 9484
3400 9483
3400 9484
3400 9484
3400 9484
3400 9484
3400 9484
3400 9484
3400 9484
3400 9484
3400 9484
3400 9484
3400 9484
3400 9484
3400 9484
3400 9484
3400 9484
3400 9484
3400 9484
3400 9484
3400 9484
3400 9484
3400 9484
3400 9483
3400 9484
3400 9484
3400 9484
3400 9483
3400 9484
3400 9484
3400 9484
3400 9484
3400 9484
3400 9484
3400 9484
3400 9484
3400 9483
3400 9484
3400 9484
3400 9484
3400 9484
3400 9483
3400 9484
3400 9484
3400 9483
3400 9483
3400 9460
3400 9484
3400 9484
3400 9483
3400 9484
3400 9484
3400 9484
3400 9484
3500 9484
3500 9484
3500 9484
3500 9484
3500 9484
3500 9484
3500 9484
3500 9484
3500 9484
3500 9484
3500 9484
3500 9484
3500 9484
3500 9484
3500 9484
3500 9484
3500 9484
3500 9484
3500 9484
3500 9484
3500 9484
3500 9484
3500 9484
3500 9484
3500 9484
3500 9484
3500 9484
3500 9484
3500 9484
3500 9484
3500 9484
3500 9484
3500 9484
3500 9484
3500 9484
3500 9484
3500 9484
3500 9484
3500 9484
3500 9484
3500 9484
3500 9484
3500 9484
3500 9484
3500 9484
3500 9484
3500 9484
3500 9483
3500 9484
3500 9484
3500 9484
3500 9484
3500 9484
3500 9484
3500 9484
3500 9484
3500 9484
3500 9484
3500 9484
3500 9484
3500 9484
3500 9484
3500 9484
3500 9484
3500 9484
3500 9484
3500 9484
3500 9484
3500 9484
3500 9483
3500 9484
3500 9484
3500 9484
3500 9483
3500 9484
3500 9484
3500 9484
3500 9484
3500 9484
3500 9484
3500 9484
3500 9484
3500 9483
3500 9484
3500 9484
3500 9484
3500 9484
3500 9483
3500 9484
3500 9484
3500 9483
3500 9483
3500 9484
3500 9484
3500 9484
3500 9483
3500 9484
3500 9484
3500 9484
3500 9484
3600 9484
3600 9484
3600 9484
3600 9484
3600 9484
3600 9484
3600 9484
3600 9484
3600 9484
3600 9484
3600 9484
3600 9484
3600 9484
3600 9484
3600 9484
3600 9484
3600 9484
3600 9484
3600 9484
3600 9484
3600 9484
3600 9484
3600 9484
3600 9484
3600 9484
3600 9484
3600 9484
3600 9484
3600 9484
3600 9484
3600 9484
3600 9484
3600 9484
3600 9484
3600 9484
3600 9484
3600 9484
3600 9484
3600 9484
3600 9484
3600 9484
3600 9484
3600 9484
3600 9484
3600 9484
3600 9484
3600 9484
3600 9484
3600 9484
3600 9484
3600 9484
3600 9484
3600 9484
3600 9484
3600 9484
3600 9484
3600 9484
3600 9484
3600 9484
3600 9484
3600 9484
3600 9484
3600 9484
3600 9484
3600 9484
3600 9484
3600 9484
3600 9484
3600 9484
3600 9484
3600 9484
3600 9484
3600 9484
3600 9484
3600 9484
3600 9484
3600 9484
3600 9484
3600 9484
3600 9484
3600 9484
3600 9484
3600 9483
3600 9484
3600 9484
3600 9484
3600 9484
3600 9483
3600 9484
3600 9484
3600 9483
3600 9483
3600 9484
3600 9484
3600 9484
3600 9483
3600 9484
3600 9484
3600 9484
3600 9484
3700 9484
3700 9484
3700 9484
3700 9484
3700 9484
3700 9484
3700 9484
3700 9484
3700 9484
3700 9484
3700 9484
3700 9484
3700 9484
3700 9484
3700 9484
3700 9484
3700 9484
3700 9484
3700 9484
3700 9484
3700 9484
3700 9484
3700 9484
3700 9484
3700 9484
3700 9484
3700 9484
3700 9484
3700 9484
3700 9484
3700 9484
3700 9484
3700 9484
3700 9484
3700 9484
3700 9484
3700 9484
3700 9484
3700 9484
3700 9484
3700 9484
3700 9484
3700 9484
3700 9484
3700 9484
3700 9484
3700 9484
3700 9484
3700 9484
3700 9484
3700 9484
3700 9484
3700 9484
3700 9484
3700 9484
3700 9484
3700 9484
3700 9484
3700 9484
3700 9484
3700 9484
3700 9484
3700 9484
3700 9484
3700 9484
3700 9484
3700 9484
3700 9484
3700 9484
3700 9484
3700 9484
3700 9484
3700 9484
3700 9484
3700 9484
3700 9484
3700 9484
3700 9484
3700 9484
3700 9484
3700 9484
3700 9484
3700 9484
3700 9484
3700 9484
3700 9484
3700 9484
3700 9484
3700 9484
3700 9484
3700 9483
3700 9483
3700 9484
3700 9484
3700 9484
3700 9483
3700 9484
3700 9484
3700 9484
3700 9484
3800 9460
3800 9484
3800 9484
3800 9484
3800 9484
3800 9484
3800 9484
3800 9484
3800 9484
3800 9484
3800 9484
3800 9484
3800 9484
3800 9484
3800 9484
3800 9484
3800 9484
3800 9484
3800 9484
3800 9484
3800 9484
3800 9484
3800 9484
3800 9484
3800 9484
3800 9484
3800 9484
3800 9484
3800 9484
3800 9484
3800 9484
3800 9484
3800 9484
3800 9484
3800 9484
3800 9484
3800 9484
3800 9484
3800 9484
3800 9484
3800 9484
3800 9484
3800 9484
3800 9484
3800 9484
3800 9484
3800 9484
3800 9484
3800 9484
3800 9484
3800 9484
3800 9484
3800 9484
3800 9484
3800 9484
3800 9484
3800 9484
3800 9484
3800 9484
3800 9484
3800 9484
3800 9484
3800 9484
3800 9484
3800 9484
3800 9484
3800 9484
3800 9484
3800 9484
3800 9484
3800 9484
3800 9484
3800 9484
3800 9484
3800 9484
3800 9484
3800 9484
3800 9484
3800 9484
3800 9484
3800 9484
3800 9484
3800 9484
3800 9484
3800 9484
3800 9484
3800 9484
3800 9484
3800 9484
3800 9484
3800 9484
3800 9484
3800 9484
3800 9484
3800 9484
3800 9484
3800 9484
3800 9484
3800 9484
3800 9484
3900 9474
3900 9484
3900 9484
3900 9484
3900 9484
3900 9484
3900 9484
3900 9484
3900 9484
3900 9484
3900 9484
3900 9484
3900 9484
3900 9484
3900 9484
3900 9484
3900 9484
3900 9484
3900 9484
3900 9484
3900 9484
3900 9484
3900 9484
3900 9484
3900 9484
3900 9484
3900 9484
3900 9484
3900 9484
3900 9484
3900 9484
3900 9484
3900 9484
3900 9484
3900 9484
3900 9484
3900 9484
3900 9484
3900 9484
3900 9484
3900 9484
3900 9484
3900 9484
3900 9484
3900 9484
3900 9484
3900 9484
3900 9484
3900 9484
3900 9484
3900 9484
3900 9484
3900 9484
3900 9484
3900 9484
3900 9484
3900 9484
3900 9484
3900 9484
3900 9484
3900 9484
3900 9484
3900 9484
3900 9484
3900 9484
3900 9484
3900 9484
3900 9484
3900 9484
3900 9484
3900 9484
3900 9484
3900 9484
3900 9484
3900 9484
3900 9484
3900 9484
3900 9484
3900 9484
3900 9484
3900 9484
3900 9484
3900 9484
3900 9484
3900 9484
3900 9484
3900 9484
3900 9484
3900 9484
3900 9484
3900 9484
3900 9484
3900 9484
3900 9484
3900 9484
3900 9484
3900 9484
3900 9484
3900 9484
3900 9484
4000 9482
4000 9484
4000 9484
4000 9484
4000 9484
4000 9484
4000 9484
4000 9484
4000 9484
4000 9484
4000 9484
4000 9484
4000 9484
4000 9484
4000 9484
4000 9484
4000 9484
4000 9484
4000 9484
4000 9484
4000 9484
4000 9484
4000 9484
4000 9484
4000 9484
4000 9484
4000 9484
4000 9484
4000 9484
4000 9484
4000 9484
4000 9484
4000 9484
4000 9484
4000 9484
4000 9484
4000 9484
4000 9484
4000 9484
4000 9484
4000 9484
4000 9484
4000 9484
4000 9484
4000 9484
4000 9484
4000 9484
4000 9484
4000 9484
4000 9484
4000 9484
4000 9484
4000 9484
4000 9484
4000 9484
4000 9484
4000 9484
4000 9484
4000 9484
4000 9484
4000 9484
4000 9484
4000 9484
4000 9484
4000 9484
4000 9484
4000 9484
4000 9484
4000 9484
4000 9484
4000 9484
4000 9484
4000 9484
4000 9484
4000 9484
4000 9484
4000 9484
4000 9484
4000 9484
4000 9484
4000 9484
4000 9484
4000 9484
4000 9484
4000 9484
4000 9484
4000 9484
4000 9484
4000 9484
4000 9484
4000 9484
4000 9484
4000 9484
4000 9484
4000 9484
4000 9484
4000 9484
4000 9484
4000 9484
4000 9484
4100 9448
4100 9484
4100 9484
4100 9484
4100 9484
4100 9484
4100 9484
4100 9484
4100 9484
4100 9484
4100 9484
4100 9484
4100 9484
4100 9484
4100 9484
4100 9484
4100 9484
4100 9484
4100 9484
4100 9484
4100 9484
4100 9484
4100 9484
4100 9484
4100 9484
4100 9484
4100 9484
4100 9484
4100 9484
4100 9484
4100 9484
4100 9484
4100 9484
4100 9484
4100 9484
4100 9484
4100 9484
4100 9484
4100 9484
4100 9484
4100 9484
4100 9484
4100 9484
4100 9484
4100 9484
4100 9484
4100 9484
4100 9484
4100 9484
4100 9484
4100 9484
4100 9484
4100 9484
4100 9484
4100 9484
4100 9484
4100 9484
4100 9484
4100 9484
4100 9484
4100 9484
4100 9484
4100 9484
4100 9484
4100 9484
4100 9484
4100 9484
4100 9484
4100 9484
4100 9484
4100 9484
4100 9484
4100 9484
4100 9484
4100 9484
4100 9484
4100 9484
4100 9484
4100 9484
4100 9484
4100 9484
4100 9484
4100 9484
4100 9484
4100 9484
4100 9484
4100 9484
4100 9484
4100 9484
4100 9484
4100 9484
4100 9484
4100 9484
4100 9484
4100 9484
4100 9484
4100 9484
4100 9484
4100 9484
4100 9484
4200 9468
4200 9484
4200 9484
4200 9484
4200 9484
4200 9484
4200 9484
4200 9484
4200 9484
4200 9484
4200 9484
4200 9484
4200 9484
4200 9484
4200 9484
4200 9484
4200 9484
4200 9484
4200 9484
4200 9484
4200 9484
4200 9484
4200 9484
4200 9484
4200 9484
4200 9484
4200 9484
4200 9484
4200 9484
4200 9484
4200 9484
4200 9484
4200 9484
4200 9484
4200 9484
4200 9484
4200 9484
4200 9484
4200 9484
4200 9484
4200 9484
4200 9484
4200 9484
4200 9484
4200 9484
4200 9484
4200 9484
4200 9484
4200 9484
4200 9484
4200 9484
4200 9484
4200 9484
4200 9484
4200 9484
4200 9484
4200 9484
4200 9484
4200 9484
4200 9484
4200 9484
4200 9484
4200 9484
4200 9484
4200 9484
4200 9484
4200 9484
4200 9484
4200 9484
4200 9484
4200 9484
4200 9484
4200 9484
4200 9484
4200 9484
4200 9484
4200 9484
4200 9484
4200 9484
4200 9484
4200 9484
4200 9484
4200 9484
4200 9484
4200 9484
4200 9484
4200 9484
4200 9484
4200 9484
4200 9484
4200 9484
4200 9484
4200 9484
4200 9484
4200 9484
4200 9484
4200 9484
4200 9484
4200 9484
4200 9484
4300 9466
4300 9484
4300 9484
4300 9484
4300 9484
4300 9484
4300 9484
4300 9484
4300 9484
4300 9484
4300 9484
4300 9484
4300 9484
4300 9484
4300 9484
4300 9484
4300 9484
4300 9484
4300 9484
4300 9484
4300 9484
4300 9484
4300 9484
4300 9484
4300 9484
4300 9484
4300 9484
4300 9484
4300 9484
4300 9484
4300 9484
4300 9484
4300 9484
4300 9484
4300 9484
4300 9484
4300 9484
4300 9484
4300 9484
4300 9484
4300 9484
4300 9484
4300 9484
4300 9484
4300 9484
4300 9484
4300 9484
4300 9484
4300 9484
4300 9484
4300 9484
4300 9484
4300 9484
4300 9484
4300 9484
4300 9484
4300 9484
4300 9484
4300 9484
4300 9484
4300 9484
4300 9484
4300 9484
4300 9484
4300 9484
4300 9484
4300 9484
4300 9484
4300 9484
4300 9484
4300 9484
4300 9484
4300 9484
4300 9484
4300 9484
4300 9484
4300 9484
4300 9484
4300 9484
4300 9484
4300 9484
4300 9484
4300 9484
4300 9484
4300 9484
4300 9484
4300 9484
4300 9484
4300 9484
4300 9484
4300 9484
4300 9484
4300 9484
4300 9484
4300 9484
4300 9484
4300 9484
4300 9484
4300 9484
4300 9484
