0 -92736
0 -95828
0 -92432
0 -87992
0 -91008
0 -86060
0 -91368
0 -90632
0 -88568
0 -90052
0 -85988
0 -94892
0 -91700
0 -86548
0 -92472
0 -89568
0 -89508
0 -93336
0 -85020
0 -90896
0 -90584
0 -90956
0 -94344
0 -87212
0 -92608
0 -93472
0 -91116
0 -89296
0 -86516
0 -86312
0 -92276
0 -87560
0 -91328
0 -95160
0 -89312
0 -85204
0 -92004
0 -89324
0 -92760
0 -87684
0 -92740
0 -90664
0 -91396
0 -89000
0 -92740
0 -87084
0 -88452
0 -94500
0 -95332
0 -95048
0 -95936
0 -91108
0 -88800
0 -91148
0 -89116
0 -86920
0 -91020
0 -92136
0 -88168
0 -91488
0 -83928
0 -88764
0 -91148
0 -91896
0 -89220
0 -89628
0 -92288
0 -87800
0 -91656
0 -91164
0 -87320
0 -91400
0 -94648
0 -88176
0 -91264
0 -88736
0 -89832
0 -87052
0 -90892
0 -93468
0 -87712
0 -87300
0 -90648
0 -92476
0 -90800
0 -96928
0 -88640
0 -93784
0 -85456
0 -96912
0 -88960
0 -83800
0 -89812
0 -93404
0 -93660
0 -87156
0 -90468
0 -89920
0 -88748
0 -89612
100 -92736
100 30628
100 -92432
100 -87992
100 -91008
100 30632
100 -91368
100 -90632
100 -88568
100 29224
100 -85988
100 29804
100 30876
100 -86548
100 -92472
100 -89568
100 30716
100 -93336
100 -85020
100 -90896
100 31100
100 30936
100 30404
100 -87212
100 29552
100 29636
100 -91116
100 -89296
100 -86516
100 -86312
100 -92276
100 -87560
100 -91328
100 29804
100 -89312
100 31612
100 -92004
100 -89324
100 -92760
100 -87684
100 -92740
100 -90664
100 -91396
100 -89000
100 29692
100 -87084
100 30928
100 30364
100 29468
100 31100
100 30300
100 29732
100 -88800
100 -91148
100 -89116
100 -86920
100 -91020
100 -92136
100 29740
100 -91488
100 -83928
100 -88764
100 30496
100 -91896
100 30948
100 -89628
100 -92288
100 -87800
100 -91656
100 -91164
100 30324
100 -91400
100 29048
100 -88176
100 30356
100 -88736
100 31244
100 -87052
100 -90892
100 30268
100 30064
100 30756
100 -90648
100 29556
100 30736
100 29828
100 -88640
100 30232
100 30700
100 30076
100 30356
100 30112
100 -89812
100 28560
100 30632
100 30164
100 -90468
100 -89920
100 -88748
100 -89612
200 30412
200 30932
200 30268
200 30856
200 30680
200 30684
200 30768
200 -90632
200 -88568
200 30272
200 -85988
200 30948
200 30912
200 -86548
200 29000
200 -89568
200 30812
200 30848
200 -85020
200 30096
200 31200
200 31032
200 30900
200 -87212
200 31488
200 30940
200 30536
200 -89296
200 -86516
200 -86312
200 30352
200 29740
200 28640
200 30420
200 -89312
200 31612
200 30584
200 -89324
200 30356
200 -87684
200 29532
200 -90664
200 30560
200 -89000
200 29692
200 -87084
200 30976
200 31100
200 30704
200 31100
200 30300
200 31208
200 -88800
200 30064
200 -89116
200 -86920
200 28240
200 29040
200 29920
200 31104
200 -83928
200 -88764
200 30624
200 29672
200 30948
200 -89628
200 28116
200 30492
200 30712
200 28300
200 30416
200 30892
200 29064
200 29920
200 30356
200 -88736
200 31244
200 -87052
200 -90892
200 30364
200 30160
200 31108
200 -90648
200 30356
200 30736
200 31416
200 -88640
200 30232
200 31088
200 30632
200 30900
200 30300
200 30752
200 31160
200 30632
200 30164
200 -90468
200 -89920
200 -88748
200 -89612
300 30648
300 30932
300 30352
300 30856
300 30680
300 30688
300 30768
300 30652
300 30348
300 30408
300 -85988
300 30948
300 30912
300 30492
300 29000
300 30332
300 30860
300 30848
300 -85020
300 30096
300 31200
300 31284
300 30900
300 30004
300 31488
300 30940
300 30536
300 29712
300 30352
300 30632
300 30352
300 29740
300 30412
300 30420
300 28268
300 31612
300 30680
300 30232
300 30356
300 30712
300 29532
300 30492
300 30684
300 30916
300 29692
300 30244
300 30976
300 31100
300 30704
300 31100
300 30524
300 31516
300 30280
300 30536
300 30064
300 30460
300 28240
300 31016
300 29920
300 31104
300 -83928
300 29716
300 30624
300 31152
300 30996
300 29052
300 30304
300 30492
300 30712
300 31200
300 30524
300 30892
300 29064
300 30292
300 30356
300 30588
300 31244
300 30556
300 30112
300 30364
300 30908
300 31108
300 30560
300 30356
300 30736
300 31416
300 31064
300 30232
300 31088
300 31040
300 30900
300 30544
300 30752
300 31160
300 30632
300 30632
300 30440
300 30552
300 30864
300 30616
400 31444
400 30932
400 31400
400 30924
400 30732
400 30688
400 30768
400 30652
400 30396
400 30716
400 30336
400 30948
400 30912
400 30492
400 30916
400 31236
400 30860
400 30848
400 30752
400 30480
400 31200
400 31284
400 30900
400 31252
400 31488
400 30984
400 30536
400 30852
400 30352
400 30632
400 31324
400 30748
400 30412
400 30420
400 30620
400 31612
400 30872
400 30864
400 31340
400 30924
400 30960
400 30576
400 31136
400 30916
400 30356
400 30940
400 30976
400 31100
400 30704
400 31100
400 30588
400 31552
400 31080
400 30536
400 30376
400 30460
400 30820
400 31016
400 30244
400 31104
400 30252
400 30612
400 31360
400 31152
400 30996
400 31200
400 30532
400 30492
400 30712
400 31200
400 30656
400 30892
400 30644
400 30292
400 31276
400 30624
400 31244
400 30556
400 30992
400 30664
400 30908
400 31108
400 30560
400 30356
400 31012
400 31416
400 31064
400 30852
400 31140
400 31040
400 30900
400 30568
400 30752
400 31160
400 30632
400 30632
400 30440
400 30552
400 30864
400 30616
500 31444
500 30932
500 31400
500 30924
500 30732
500 30688
500 30848
500 30652
500 30764
500 30716
500 31044
500 30948
500 30912
500 30864
500 31068
500 31236
500 30860
500 30856
500 30904
500 30604
500 31248
500 31284
500 30900
500 31252
500 31536
500 30984
500 30680
500 30852
500 30956
500 30780
500 31452
500 30860
500 31248
500 30836
500 30620
500 31612
500 31148
500 30864
500 31388
500 30924
500 30960
500 30664
500 31136
500 30916
500 30644
500 30940
500 30976
500 31100
500 30704
500 31100
500 30872
500 31552
500 31080
500 30960
500 30792
500 30812
500 30820
500 31392
500 30860
500 31104
500 31104
500 30612
500 31360
500 31152
500 31044
500 31200
500 30812
500 30948
500 30712
500 31200
500 30712
500 30892
500 30644
500 30856
500 31324
500 30624
500 31244
500 30808
500 30992
500 30664
500 30908
500 31108
500 30900
500 30632
500 31060
500 31416
500 31064
500 31208
500 31140
500 31192
500 30900
500 30772
500 30752
500 31160
500 30824
500 30732
500 30872
500 31112
500 30864
500 30616
600 31444
600 30932
600 31400
600 31008
600 30816
600 31132
600 30848
600 30884
600 31052
600 30788
600 31044
600 30972
600 31156
600 31020
600 31152
600 31236
600 30860
600 30856
600 30992
600 31004
600 31296
600 31284
600 30900
600 31320
600 31536
600 30984
600 30872
600 30852
600 31004
600 30996
600 31452
600 30860
600 31248
600 30836
600 30920
600 31612
600 31148
600 30864
600 31388
600 30924
600 30960
600 30756
600 31136
600 30916
600 31000
600 30940
600 30976
600 31148
600 30860
600 31148
600 31564
600 31552
600 31080
600 31052
600 30792
600 30812
600 30820
600 31392
600 30860
600 31292
600 31104
600 30788
600 31360
600 31152
600 31092
600 31200
600 30812
600 30948
600 30760
600 31248
600 30852
600 30988
600 30836
600 30856
600 31324
600 30884
600 31244
600 30808
600 30992
600 30760
600 30908
600 31108
600 30900
600 30996
600 31108
600 31416
600 31064
600 31208
600 31140
600 31244
600 30900
600 30772
600 30752
600 31160
600 30824
600 30804
600 31244
600 31112
600 30912
600 30836
700 31444
700 31152
700 31400
700 31008
700 31008
700 31132
700 30848
700 30884
700 31052
700 30892
700 31044
700 30972
700 31200
700 31056
700 31152
700 31236
700 31152
700 30856
700 31040
700 31004
700 31296
700 31284
700 30900
700 31320
700 31536
700 30984
700 30872
700 30852
700 31004
700 31096
700 31500
700 30860
700 31248
700 30448
700 30968
700 31612
700 31148
700 30864
700 31388
700 30924
700 30960
700 30956
700 31136
700 30916
700 31000
700 30940
700 30976
700 31148
700 30956
700 31148
700 31564
700 31552
700 31184
700 31052
700 30944
700 30932
700 30960
700 31392
700 30860
700 31292
700 31104
700 30864
700 31360
700 31152
700 31140
700 31200
700 30900
700 30948
700 31184
700 31296
700 30896
700 31040
700 30836
700 30856
700 31324
700 30884
700 31244
700 30908
700 30992
700 30856
700 30908
700 31108
700 30900
700 31000
700 31108
700 31468
700 31064
700 31208
700 31148
700 31244
700 30900
700 31384
700 31248
700 31160
700 31108
700 31260
700 31244
700 31112
700 30912
700 31092
800 31444
800 31152
800 31400
800 31020
800 31008
800 31132
800 30952
800 30944
800 31052
800 31032
800 31044
800 30972
800 31200
800 31056
800 31152
800 31280
800 31152
800 31044
800 31040
800 31536
800 31296
800 31284
800 30916
800 31416
800 31652
800 31032
800 30984
800 30960
800 31100
800 31096
800 31500
800 31088
800 31248
800 31192
800 31016
800 31612
800 31148
800 31060
800 31388
800 30924
800 31100
800 30956
800 31136
800 30916
800 31000
800 30940
800 30976
800 31148
800 31100
800 31148
800 31564
800 31552
800 31232
800 31104
800 30944
800 31112
800 31000
800 31392
800 30980
800 31292
800 31104
800 30948
800 31360
800 31152
800 31140
800 31200
800 31100
800 30948
800 31276
800 31296
800 31244
800 31040
800 31184
800 30924
800 31324
800 30988
800 31304
800 30956
800 30992
800 30952
800 31000
800 31196
800 31308
800 31000
800 31204
800 31468
800 31064
800 31256
800 31148
800 31604
800 31352
800 31384
800 31248
800 31160
800 31108
800 31260
800 31244
800 31300
800 30916
800 31092
900 31444
900 31152
900 31400
900 31088
900 31260
900 31132
900 30984
900 31248
900 31052
900 31032
900 31044
900 31084
900 31200
900 31188
900 31152
900 31328
900 31152
900 31240
900 31040
900 31536
900 31296
900 31328
900 31488
900 31416
900 31652
900 31124
900 30988
900 31056
900 31100
900 31096
900 31500
900 31088
900 31384
900 31192
900 31536
900 31612
900 31148
900 31212
900 31388
900 31060
900 31100
900 30956
900 31140
900 30996
900 31000
900 31184
900 31288
900 31148
900 31100
900 31148
900 31564
900 31552
900 31232
900 31104
900 31088
900 31160
900 31048
900 31392
900 30980
900 31292
900 31104
900 31188
900 31604
900 31152
900 31140
900 31200
900 31100
900 31004
900 31276
900 31344
900 31292
900 31040
900 31184
900 31140
900 31324
900 31036
900 31304
900 31392
900 30992
900 30908
900 31048
900 31196
900 31308
900 31000
900 31204
900 31468
900 31064
900 31256
900 31452
900 31604
900 31352
900 31384
900 31296
900 31196
900 31108
900 31260
900 31488
900 31300
900 30996
900 31140
1000 31444
1000 31152
1000 31400
1000 31144
1000 31260
1000 31280
1000 31336
1000 31248
1000 31052
1000 31616
1000 31044
1000 31084
1000 31200
1000 31188
1000 31152
1000 31328
1000 31152
1000 31240
1000 31040
1000 31536
1000 31296
1000 31328
1000 31488
1000 31416
1000 31652
1000 31124
1000 31052
1000 31056
1000 31144
1000 31096
1000 31548
1000 31088
1000 31384
1000 31288
1000 31536
1000 31612
1000 31148
1000 31212
1000 31388
1000 31108
1000 31336
1000 31192
1000 31140
1000 31352
1000 31088
1000 31184
1000 31288
1000 31436
1000 31100
1000 31148
1000 31564
1000 31552
1000 31328
1000 31104
1000 31088
1000 31160
1000 31048
1000 31392
1000 31300
1000 31292
1000 31104
1000 31188
1000 31604
1000 31256
1000 31340
1000 31200
1000 31108
1000 30992
1000 31280
1000 31344
1000 31292
1000 31040
1000 31248
1000 31140
1000 31452
1000 31036
1000 31304
1000 31392
1000 31052
1000 31376
1000 31048
1000 31196
1000 31344
1000 31500
1000 31356
1000 31468
1000 31300
1000 31304
1000 31452
1000 31604
1000 31400
1000 31384
1000 31392
1000 31244
1000 31108
1000 31260
1000 31488
1000 31300
1000 31132
1000 31140
1100 31444
1100 31152
1100 31400
1100 31144
1100 31260
1100 31328
1100 31336
1100 31248
1100 31160
1100 31616
1100 31120
1100 31288
1100 31200
1100 31236
1100 31192
1100 31448
1100 31440
1100 31288
1100 31208
1100 31536
1100 31296
1100 31328
1100 31488
1100 31416
1100 31652
1100 31124
1100 31148
1100 31140
1100 31144
1100 31184
1100 31548
1100 31612
1100 31384
1100 31288
1100 31536
1100 31612
1100 31148
1100 31212
1100 31388
1100 31196
1100 31336
1100 31192
1100 31140
1100 31400
1100 31204
1100 31184
1100 31288
1100 31436
1100 31284
1100 31148
1100 31564
1100 31552
1100 31328
1100 31252
1100 31196
1100 31196
1100 31280
1100 31392
1100 31300
1100 31292
1100 31348
1100 31236
1100 31604
1100 31256
1100 31340
1100 31200
1100 31400
1100 31248
1100 31280
1100 31344
1100 31292
1100 31184
1100 31248
1100 31188
1100 31452
1100 31236
1100 31440
1100 31392
1100 31516
1100 31424
1100 31152
1100 31240
1100 31344
1100 31548
1100 31356
1100 31468
1100 31300
1100 31460
1100 31452
1100 31604
1100 31448
1100 31384
1100 31392
1100 31244
1100 31088
1100 31260
1100 31488
1100 31300
1100 31152
1100 31140
1200 31508
1200 31200
1200 31400
1200 31304
1200 31260
1200 31328
1200 31336
1200 31248
1200 30844
1200 31668
1200 31160
1200 31288
1200 31200
1200 31236
1200 31192
1200 31448
1200 31440
1200 31564
1200 31208
1200 31536
1200 31496
1200 31328
1200 31516
1200 31416
1200 31704
1200 31160
1200 31248
1200 31392
1200 31344
1200 31184
1200 31548
1200 31612
1200 31384
1200 31288
1200 31536
1200 31612
1200 31336
1200 31308
1200 31388
1200 31484
1200 31388
1200 31192
1200 31584
1200 31600
1200 31252
1200 31236
1200 31288
1200 31436
1200 31652
1200 31288
1200 31564
1200 31552
1200 31328
1200 31264
1200 31196
1200 31196
1200 31280
1200 31392
1200 31300
1200 31392
1200 31348
1200 31444
1200 31604
1200 31552
1200 31340
1200 31200
1200 31448
1200 31248
1200 31280
1200 31344
1200 31292
1200 31244
1200 31248
1200 31188
1200 31500
1200 31236
1200 31440
1200 31392
1200 31516
1200 31472
1200 31192
1200 31288
1200 31564
1200 31548
1200 31356
1200 31468
1200 31300
1200 31460
1200 31452
1200 31604
1200 31448
1200 31384
1200 31392
1200 31244
1200 31192
1200 31260
1200 31488
1200 31300
1200 31204
1200 31200
1300 31508
1300 31280
1300 31400
1300 31304
1300 31348
1300 31380
1300 31336
1300 31248
1300 31256
1300 31668
1300 31232
1300 31288
1300 31232
1300 31236
1300 31292
1300 31448
1300 31552
1300 31564
1300 31508
1300 31536
1300 31496
1300 31328
1300 31516
1300 31552
1300 31704
1300 31372
1300 31248
1300 31444
1300 31344
1300 31240
1300 31548
1300 31612
1300 31384
1300 31288
1300 31536
1300 31612
1300 31336
1300 31308
1300 31388
1300 31484
1300 31388
1300 31348
1300 31584
1300 31600
1300 31252
1300 31236
1300 31288
1300 31436
1300 31652
1300 31288
1300 31564
1300 31552
1300 31504
1300 31264
1300 31292
1300 31316
1300 31336
1300 31392
1300 31300
1300 31440
1300 31348
1300 31444
1300 31604
1300 31552
1300 31340
1300 31240
1300 31448
1300 31364
1300 31280
1300 31344
1300 31300
1300 31640
1300 31248
1300 31296
1300 31500
1300 31236
1300 31440
1300 31396
1300 31516
1300 31472
1300 31288
1300 31288
1300 31564
1300 31548
1300 31592
1300 31504
1300 31348
1300 31556
1300 31452
1300 31604
1300 31448
1300 31384
1300 31392
1300 31244
1300 31368
1300 31260
1300 31488
1300 31400
1300 31300
1300 31364
1400 31508
1400 31280
1400 31400
1400 31304
1400 31348
1400 31380
1400 31336
1400 31360
1400 31552
1400 31668
1400 31264
1400 31288
1400 31280
1400 31296
1400 31292
1400 31448
1400 31600
1400 31564
1400 31508
1400 31588
1400 31496
1400 31328
1400 31516
1400 31552
1400 31704
1400 31372
1400 31508
1400 31492
1400 31344
1400 31292
1400 31548
1400 31612
1400 31384
1400 31288
1400 31540
1400 31612
1400 31336
1400 31556
1400 31388
1400 31484
1400 31392
1400 31348
1400 31584
1400 31600
1400 30172
1400 31300
1400 31288
1400 31436
1400 31652
1400 31288
1400 31564
1400 31552
1400 31504
1400 31264
1400 31556
1400 31348
1400 31336
1400 31392
1400 31300
1400 31440
1400 31652
1400 31444
1400 31604
1400 31552
1400 31388
1400 31308
1400 31448
1400 31364
1400 31424
1400 31344
1400 31300
1400 31640
1400 31292
1400 31296
1400 31500
1400 31344
1400 31664
1400 31396
1400 31516
1400 31604
1400 31288
1400 31288
1400 31564
1400 31548
1400 31592
1400 31504
1400 31348
1400 31556
1400 31500
1400 31604
1400 31448
1400 31448
1400 31592
1400 31336
1400 31368
1400 31316
1400 31488
1400 31400
1400 31396
1400 31364
1500 31508
1500 31396
1500 31400
1500 31304
1500 31356
1500 31380
1500 31488
1500 31540
1500 31552
1500 31668
1500 31296
1500 31296
1500 31328
1500 31296
1500 31300
1500 31448
1500 31600
1500 31600
1500 31508
1500 31588
1500 31496
1500 31328
1500 31516
1500 31600
1500 31704
1500 31420
1500 31508
1500 31548
1500 31344
1500 31436
1500 31600
1500 31648
1500 31384
1500 31420
1500 31540
1500 31612
1500 31336
1500 31556
1500 31388
1500 31484
1500 31392
1500 31348
1500 31584
1500 31648
1500 31348
1500 31348
1500 31396
1500 31436
1500 31652
1500 31308
1500 31564
1500 31552
1500 31504
1500 31012
1500 31556
1500 31496
1500 31336
1500 31456
1500 31300
1500 31440
1500 31652
1500 31444
1500 31604
1500 31552
1500 31388
1500 31356
1500 31448
1500 31460
1500 31424
1500 31344
1500 31300
1500 31692
1500 31292
1500 31296
1500 31500
1500 31344
1500 31664
1500 31396
1500 31516
1500 31604
1500 31352
1500 31536
1500 31564
1500 31548
1500 31592
1500 31504
1500 31348
1500 31556
1500 31504
1500 31604
1500 31500
1500 31448
1500 31592
1500 31336
1500 31368
1500 31316
1500 31488
1500 31400
1500 31396
1500 31412
1600 31508
1600 31396
1600 31400
1600 31460
1600 31404
1600 31380
1600 31488
1600 31588
1600 31552
1600 31668
1600 31400
1600 31612
1600 31372
1600 31396
1600 31368
1600 31448
1600 31600
1600 31600
1600 31556
1600 31588
1600 31544
1600 31460
1600 31516
1600 31600
1600 31704
1600 31420
1600 31556
1600 31548
1600 31408
1600 31436
1600 31600
1600 31648
1600 31504
1600 31420
1600 31540
1600 31612
1600 31456
1600 31556
1600 31388
1600 31536
1600 31392
1600 31348
1600 31584
1600 31648
1600 31348
1600 31348
1600 31396
1600 31436
1600 31652
1600 31408
1600 31592
1600 31552
1600 31504
1600 31544
1600 31556
1600 31496
1600 31336
1600 31504
1600 31440
1600 31440
1600 31652
1600 31508
1600 31604
1600 31552
1600 31388
1600 31356
1600 31448
1600 31460
1600 31472
1600 31344
1600 31504
1600 31692
1600 31348
1600 31344
1600 31500
1600 31344
1600 31664
1600 31396
1600 31516
1600 31604
1600 31352
1600 31536
1600 31564
1600 31548
1600 31592
1600 31504
1600 31600
1600 31556
1600 31504
1600 31604
1600 31500
1600 31448
1600 31592
1600 31336
1600 31416
1600 31444
1600 31536
1600 31400
1600 31396
1600 31412
1700 31508
1700 31396
1700 31400
1700 31644
1700 31404
1700 31480
1700 31536
1700 31588
1700 31552
1700 31668
1700 31456
1700 31612
1700 31372
1700 31396
1700 31368
1700 31448
1700 31600
1700 31600
1700 31556
1700 31652
1700 31544
1700 31460
1700 31516
1700 31600
1700 31704
1700 31420
1700 31556
1700 31548
1700 31504
1700 31496
1700 31600
1700 31648
1700 31552
1700 31420
1700 31540
1700 31612
1700 31456
1700 31556
1700 31436
1700 31548
1700 31392
1700 31384
1700 31584
1700 31648
1700 31440
1700 31372
1700 31396
1700 31436
1700 31652
1700 31408
1700 31592
1700 31592
1700 31504
1700 31544
1700 31556
1700 31644
1700 31412
1700 31504
1700 31440
1700 31488
1700 31652
1700 31508
1700 31652
1700 31552
1700 31388
1700 31356
1700 31448
1700 31508
1700 31536
1700 31584
1700 31504
1700 31692
1700 31264
1700 31496
1700 31500
1700 31396
1700 31664
1700 31396
1700 31516
1700 31604
1700 31352
1700 31536
1700 31652
1700 31548
1700 31592
1700 31504
1700 31600
1700 31556
1700 31504
1700 31652
1700 31500
1700 31448
1700 31592
1700 31504
1700 31416
1700 31444
1700 31536
1700 31448
1700 31396
1700 31460
1800 31508
1800 31088
1800 31400
1800 31644
1800 31404
1800 31480
1800 31536
1800 31588
1800 31552
1800 31668
1800 31456
1800 31612
1800 31576
1800 31396
1800 31448
1800 31448
1800 31600
1800 31600
1800 31556
1800 31652
1800 31544
1800 31512
1800 31516
1800 31600
1800 31704
1800 31420
1800 31556
1800 31548
1800 31552
1800 31496
1800 31600
1800 31648
1800 31552
1800 31456
1800 31604
1800 31612
1800 31508
1800 31604
1800 31436
1800 31548
1800 31456
1800 31404
1800 31584
1800 31648
1800 31440
1800 31412
1800 31396
1800 31484
1800 31700
1800 31408
1800 31592
1800 31592
1800 31504
1800 31544
1800 31604
1800 31644
1800 31412
1800 31504
1800 31440
1800 31488
1800 31652
1800 31508
1800 31652
1800 31552
1800 31448
1800 31460
1800 31448
1800 31556
1800 31536
1800 31584
1800 31504
1800 31692
1800 31552
1800 31496
1800 31500
1800 31396
1800 31664
1800 31500
1800 31556
1800 31604
1800 31400
1800 31536
1800 31652
1800 31548
1800 31592
1800 31552
1800 31600
1800 31556
1800 31504
1800 31652
1800 31500
1800 31448
1800 31592
1800 31504
1800 31456
1800 31508
1800 31536
1800 31448
1800 31396
1800 31460
1900 31508
1900 31552
1900 31488
1900 31644
1900 31540
1900 31480
1900 31536
1900 31588
1900 31552
1900 31668
1900 31456
1900 31612
1900 31576
1900 31544
1900 31452
1900 31520
1900 31600
1900 31600
1900 31556
1900 31652
1900 31544
1900 31512
1900 31516
1900 31704
1900 31704
1900 31452
1900 31556
1900 31548
1900 31552
1900 31552
1900 31600
1900 31648
1900 31552
1900 31456
1900 31604
1900 31612
1900 31508
1900 31604
1900 31500
1900 31548
1900 31504
1900 31540
1900 31588
1900 31648
1900 31452
1900 31456
1900 31556
1900 31648
1900 31700
1900 31452
1900 31592
1900 31592
1900 31504
1900 31544
1900 31604
1900 31644
1900 31504
1900 31504
1900 31492
1900 31488
1900 31652
1900 31508
1900 31652
1900 31552
1900 31600
1900 31460
1900 31516
1900 31652
1900 31536
1900 31584
1900 31504
1900 31692
1900 31552
1900 31496
1900 31500
1900 31648
1900 31664
1900 31504
1900 31604
1900 31604
1900 31584
1900 31536
1900 31652
1900 31548
1900 31592
1900 31552
1900 31600
1900 31556
1900 31504
1900 31652
1900 31500
1900 31516
1900 31592
1900 31504
1900 31456
1900 31508
1900 31536
1900 31448
1900 31540
1900 31508
2000 31508
2000 31552
2000 31540
2000 31644
2000 31540
2000 31480
2000 31536
2000 31652
2000 31552
2000 31668
2000 31640
2000 31612
2000 31576
2000 31544
2000 31480
2000 31520
2000 31600
2000 31600
2000 31556
2000 31652
2000 31544
2000 31512
2000 31516
2000 31704
2000 31704
2000 31556
2000 31556
2000 31548
2000 31552
2000 31552
2000 31600
2000 31652
2000 31552
2000 31508
2000 31604
2000 31612
2000 31508
2000 31604
2000 31500
2000 31548
2000 31504
2000 31540
2000 31588
2000 31648
2000 31540
2000 31500
2000 31556
2000 31648
2000 31700
2000 31472
2000 31592
2000 31592
2000 31504
2000 31544
2000 31604
2000 31644
2000 31552
2000 31504
2000 31492
2000 31488
2000 31652
2000 31540
2000 31652
2000 31600
2000 31600
2000 30888
2000 31592
2000 31652
2000 31536
2000 31584
2000 31552
2000 31692
2000 31552
2000 31496
2000 31500
2000 31648
2000 31664
2000 31504
2000 31604
2000 31604
2000 31584
2000 31536
2000 31652
2000 31548
2000 31592
2000 31600
2000 31600
2000 31556
2000 31504
2000 31652
2000 31548
2000 31516
2000 31592
2000 31504
2000 31500
2000 31508
2000 31536
2000 31540
2000 31540
2000 31556
2100 31556
2100 31552
2100 31540
2100 31644
2100 31540
2100 31508
2100 31536
2100 31652
2100 31600
2100 31668
2100 31640
2100 31612
2100 31576
2100 31544
2100 31500
2100 31520
2100 31600
2100 31600
2100 31556
2100 31652
2100 31592
2100 31512
2100 31516
2100 31704
2100 31752
2100 31556
2100 31556
2100 31548
2100 31552
2100 31552
2100 31600
2100 31652
2100 31552
2100 31508
2100 31652
2100 31612
2100 31508
2100 31604
2100 31500
2100 31548
2100 31504
2100 31540
2100 31588
2100 31648
2100 31540
2100 31500
2100 31556
2100 31648
2100 31700
2100 31504
2100 31592
2100 31592
2100 31504
2100 31544
2100 31604
2100 31644
2100 31552
2100 31552
2100 30560
2100 31540
2100 31652
2100 31600
2100 31700
2100 31600
2100 31600
2100 31612
2100 31592
2100 31652
2100 31536
2100 31584
2100 31552
2100 31692
2100 31552
2100 31496
2100 31500
2100 31648
2100 31664
2100 31508
2100 31604
2100 31604
2100 31636
2100 31536
2100 31652
2100 31548
2100 31592
2100 31600
2100 31600
2100 31556
2100 31516
2100 31652
2100 31548
2100 31648
2100 31592
2100 31504
2100 31500
2100 31508
2100 31536
2100 31540
2100 31540
2100 31556
2200 31556
2200 31552
2200 31540
2200 31644
2200 31540
2200 31508
2200 31536
2200 31652
2200 31600
2200 31668
2200 31704
2200 31612
2200 31576
2200 31544
2200 31552
2200 31520
2200 31600
2200 31600
2200 31556
2200 31652
2200 31592
2200 31548
2200 31516
2200 31704
2200 31752
2200 31604
2200 31600
2200 31556
2200 31552
2200 31552
2200 31600
2200 31652
2200 31552
2200 31508
2200 31652
2200 31612
2200 31508
2200 31604
2200 31536
2200 31548
2200 31504
2200 31540
2200 31588
2200 31648
2200 31540
2200 31540
2200 31688
2200 31648
2200 31700
2200 31504
2200 31652
2200 31592
2200 31504
2200 31544
2200 31604
2200 31644
2200 31552
2200 31552
2200 31540
2200 31540
2200 31652
2200 31600
2200 31700
2200 31600
2200 31600
2200 31612
2200 31592
2200 31652
2200 31536
2200 31584
2200 31552
2200 31692
2200 31552
2200 31544
2200 31552
2200 31648
2200 31664
2200 31508
2200 31604
2200 31604
2200 31636
2200 31584
2200 31652
2200 31636
2200 31592
2200 31600
2200 31600
2200 31556
2200 31516
2200 31652
2200 31548
2200 31648
2200 31592
2200 31504
2200 31500
2200 31508
2200 31536
2200 31540
2200 31540
2200 31556
2300 31556
2300 31552
2300 31540
2300 31644
2300 31540
2300 31508
2300 31536
2300 31652
2300 31600
2300 31668
2300 31704
2300 31612
2300 31580
2300 31544
2300 31552
2300 31520
2300 31616
2300 31600
2300 31556
2300 31652
2300 31592
2300 31548
2300 31516
2300 31704
2300 31752
2300 31652
2300 31600
2300 31556
2300 31588
2300 31552
2300 31600
2300 31652
2300 31596
2300 31512
2300 31652
2300 31612
2300 31552
2300 31604
2300 31536
2300 31548
2300 31600
2300 31540
2300 31588
2300 31648
2300 31540
2300 31540
2300 31688
2300 31648
2300 31700
2300 31544
2300 31652
2300 31604
2300 31508
2300 31544
2300 31604
2300 31644
2300 31592
2300 31600
2300 31540
2300 31540
2300 31652
2300 31600
2300 31700
2300 31600
2300 31600
2300 31612
2300 31592
2300 31652
2300 31536
2300 31584
2300 31552
2300 31692
2300 31552
2300 31544
2300 31552
2300 31648
2300 31664
2300 31508
2300 31604
2300 31604
2300 31700
2300 31584
2300 31652
2300 31636
2300 31592
2300 31600
2300 31600
2300 31556
2300 31516
2300 31652
2300 31548
2300 31700
2300 31592
2300 31312
2300 31504
2300 31508
2300 31584
2300 31540
2300 31592
2300 31556
2400 31556
2400 31552
2400 31540
2400 31644
2400 31540
2400 31552
2400 31492
2400 31652
2400 31600
2400 31668
2400 31704
2400 31612
2400 31580
2400 31544
2400 31600
2400 31544
2400 31616
2400 31600
2400 31556
2400 31652
2400 31592
2400 31548
2400 31552
2400 31704
2400 31752
2400 31652
2400 31652
2400 31556
2400 31588
2400 31552
2400 31600
2400 31652
2400 31596
2400 31584
2400 31652
2400 31612
2400 31552
2400 31604
2400 31536
2400 31548
2400 31600
2400 31540
2400 31588
2400 31648
2400 31556
2400 31540
2400 31688
2400 31648
2400 31700
2400 31560
2400 31652
2400 31604
2400 31548
2400 31544
2400 31604
2400 31644
2400 31592
2400 31600
2400 31656
2400 31540
2400 31652
2400 31600
2400 31700
2400 31600
2400 31600
2400 31660
2400 31592
2400 31652
2400 31536
2400 31648
2400 31552
2400 31692
2400 31552
2400 31544
2400 31552
2400 31648
2400 31664
2400 31600
2400 31652
2400 31652
2400 31700
2400 31584
2400 31652
2400 31636
2400 31592
2400 31600
2400 31600
2400 31556
2400 31576
2400 31652
2400 31548
2400 31700
2400 31592
2400 31564
2400 31600
2400 31604
2400 31584
2400 31540
2400 31592
2400 31556
2500 31556
2500 31600
2500 31552
2500 31644
2500 31544
2500 31552
2500 31552
2500 31652
2500 31600
2500 31668
2500 31704
2500 31612
2500 31580
2500 31544
2500 31600
2500 31544
2500 31616
2500 31600
2500 31652
2500 31652
2500 31592
2500 31548
2500 31552
2500 31704
2500 31752
2500 31652
2500 31652
2500 31556
2500 31640
2500 31552
2500 31600
2500 31652
2500 31596
2500 31584
2500 31652
2500 31612
2500 31552
2500 31604
2500 31604
2500 31548
2500 31600
2500 31564
2500 31588
2500 31648
2500 31556
2500 31544
2500 31740
2500 31648
2500 31700
2500 31560
2500 31652
2500 31604
2500 31552
2500 31544
2500 31604
2500 31692
2500 31592
2500 31600
2500 31656
2500 31548
2500 31652
2500 31600
2500 31700
2500 31600
2500 31600
2500 31660
2500 31592
2500 31652
2500 31548
2500 31648
2500 31552
2500 31692
2500 31552
2500 31544
2500 31552
2500 31648
2500 31664
2500 31600
2500 31652
2500 31652
2500 31700
2500 31584
2500 31652
2500 31636
2500 31592
2500 31600
2500 31600
2500 31556
2500 31576
2500 31652
2500 31548
2500 31700
2500 31592
2500 31600
2500 31600
2500 31604
2500 31584
2500 31544
2500 31592
2500 31556
2600 31556
2600 31600
2600 31552
2600 31644
2600 31560
2600 31552
2600 31552
2600 31652
2600 31600
2600 31668
2600 31704
2600 31612
2600 31580
2600 31564
2600 31600
2600 31600
2600 31616
2600 31600
2600 31652
2600 31652
2600 31592
2600 31552
2600 31648
2600 31704
2600 31752
2600 31652
2600 31652
2600 31556
2600 31640
2600 31600
2600 31600
2600 31652
2600 31604
2600 31632
2600 31652
2600 31612
2600 31552
2600 31604
2600 31604
2600 31600
2600 31600
2600 31564
2600 31588
2600 31648
2600 31556
2600 31640
2600 31740
2600 31648
2600 31700
2600 31560
2600 31652
2600 31604
2600 31552
2600 31568
2600 31604
2600 31692
2600 31592
2600 31600
2600 31656
2600 31704
2600 31652
2600 31600
2600 31700
2600 31600
2600 31600
2600 31660
2600 31592
2600 31652
2600 31304
2600 31648
2600 31552
2600 31692
2600 31700
2600 31644
2600 31552
2600 31648
2600 31664
2600 31600
2600 31652
2600 31652
2600 31804
2600 31584
2600 31652
2600 31636
2600 31592
2600 31752
2600 31600
2600 31556
2600 31576
2600 31652
2600 31548
2600 31700
2600 31592
2600 31600
2600 31600
2600 31604
2600 31584
2600 31548
2600 31592
2600 31556
2700 31556
2700 31600
2700 31608
2700 31644
2700 31560
2700 31584
2700 31568
2700 31652
2700 31600
2700 31668
2700 31704
2700 31612
2700 31580
2700 31564
2700 31600
2700 31600
2700 31664
2700 31600
2700 31652
2700 31652
2700 31592
2700 31540
2700 31696
2700 31704
2700 31752
2700 31652
2700 31652
2700 31620
2700 31640
2700 31600
2700 31600
2700 31652
2700 31604
2700 31632
2700 31652
2700 31612
2700 31552
2700 31652
2700 31604
2700 31600
2700 31600
2700 31564
2700 31588
2700 31648
2700 31556
2700 31640
2700 31740
2700 31648
2700 31700
2700 31560
2700 31652
2700 31604
2700 31552
2700 31568
2700 31604
2700 31692
2700 31592
2700 31600
2700 31656
2700 31704
2700 31652
2700 31600
2700 31700
2700 31600
2700 31600
2700 31696
2700 31592
2700 31652
2700 31652
2700 31648
2700 31552
2700 31692
2700 31700
2700 31644
2700 31552
2700 31648
2700 31664
2700 31648
2700 31704
2700 31652
2700 31804
2700 31584
2700 31652
2700 31636
2700 31592
2700 31752
2700 31600
2700 31556
2700 31576
2700 31652
2700 31588
2700 31700
2700 31592
2700 31600
2700 31600
2700 31604
2700 31584
2700 31588
2700 31592
2700 31556
2800 31644
2800 31600
2800 31608
2800 31644
2800 31560
2800 31584
2800 31568
2800 31652
2800 31600
2800 31668
2800 31704
2800 31612
2800 31580
2800 31564
2800 31600
2800 31600
2800 31664
2800 31600
2800 31652
2800 31652
2800 31592
2800 31752
2800 31696
2800 31704
2800 31752
2800 31652
2800 31652
2800 31668
2800 31640
2800 31600
2800 31600
2800 31652
2800 31604
2800 31632
2800 31652
2800 31612
2800 31604
2800 31652
2800 31616
2800 31600
2800 31600
2800 31564
2800 31588
2800 31648
2800 31604
2800 31688
2800 31740
2800 31648
2800 31700
2800 31560
2800 31652
2800 31604
2800 31576
2800 31568
2800 31604
2800 31692
2800 31636
2800 31600
2800 31656
2800 31704
2800 31652
2800 31600
2800 31700
2800 31600
2800 31600
2800 31696
2800 31596
2800 31652
2800 31652
2800 31648
2800 31600
2800 31692
2800 31700
2800 31644
2800 31600
2800 31648
2800 31664
2800 31648
2800 31704
2800 31652
2800 31804
2800 31584
2800 31652
2800 31636
2800 31592
2800 31752
2800 31600
2800 31556
2800 31576
2800 31652
2800 31588
2800 31700
2800 31592
2800 31600
2800 31600
2800 31604
2800 31584
2800 31588
2800 31604
2800 31556
2900 31644
2900 31600
2900 31608
2900 31644
2900 31620
2900 31584
2900 31668
2900 31652
2900 31600
2900 31668
2900 31704
2900 31612
2900 31580
2900 31640
2900 31600
2900 31600
2900 31664
2900 31600
2900 31700
2900 31652
2900 31596
2900 31752
2900 31696
2900 31704
2900 31752
2900 31700
2900 31652
2900 31668
2900 31640
2900 31600
2900 31600
2900 31652
2900 31604
2900 31680
2900 31652
2900 31612
2900 31604
2900 31704
2900 31616
2900 31600
2900 31600
2900 31600
2900 31588
2900 31648
2900 31604
2900 31688
2900 31740
2900 31648
2900 31700
2900 31696
2900 31652
2900 31604
2900 31576
2900 31600
2900 31604
2900 31744
2900 31636
2900 31604
2900 31656
2900 31704
2900 31652
2900 31600
2900 31700
2900 31600
2900 31600
2900 31696
2900 31596
2900 31652
2900 31652
2900 31648
2900 31600
2900 31692
2900 31700
2900 31644
2900 31600
2900 31648
2900 31664
2900 31648
2900 31704
2900 31652
2900 31804
2900 31584
2900 31656
2900 31636
2900 31592
2900 31752
2900 31600
2900 31248
2900 31576
2900 31652
2900 31588
2900 31700
2900 31592
2900 31600
2900 31600
2900 31604
2900 31584
2900 31588
2900 31604
2900 31584
3000 31644
3000 31600
3000 31644
3000 31644
3000 31620
3000 31704
3000 31668
3000 31652
3000 31600
3000 31720
3000 31704
3000 31612
3000 31640
3000 31640
3000 31600
3000 31600
3000 31664
3000 31600
3000 31700
3000 31652
3000 31596
3000 31752
3000 31696
3000 31704
3000 31752
3000 31700
3000 31652
3000 31716
3000 31640
3000 31600
3000 31600
3000 31652
3000 31604
3000 31680
3000 31652
3000 31612
3000 31604
3000 31704
3000 31616
3000 31600
3000 31600
3000 31600
3000 31588
3000 31648
3000 31604
3000 31688
3000 31740
3000 31648
3000 31700
3000 31696
3000 31652
3000 31604
3000 31080
3000 31600
3000 31604
3000 31744
3000 31636
3000 31604
3000 31656
3000 31704
3000 31704
3000 31600
3000 31700
3000 31600
3000 31600
3000 31696
3000 31596
3000 31652
3000 31652
3000 31648
3000 31600
3000 31692
3000 31700
3000 31644
3000 31600
3000 31648
3000 31664
3000 31648
3000 31704
3000 31704
3000 31804
3000 31584
3000 31704
3000 31636
3000 31592
3000 31752
3000 31600
3000 31592
3000 31672
3000 31652
3000 31588
3000 31700
3000 31592
3000 31600
3000 31600
3000 31604
3000 31592
3000 31588
3000 31648
3000 31584
3100 31644
3100 31600
3100 31644
3100 31644
3100 31620
3100 31704
3100 31668
3100 31652
3100 31600
3100 31720
3100 31704
3100 31612
3100 31640
3100 31640
3100 31600
3100 31608
3100 31664
3100 31600
3100 31700
3100 31652
3100 31596
3100 31752
3100 31696
3100 31704
3100 31752
3100 31700
3100 31652
3100 31716
3100 31692
3100 31624
3100 31652
3100 31652
3100 31604
3100 31680
3100 31652
3100 31612
3100 31604
3100 31752
3100 31616
3100 31600
3100 31600
3100 31600
3100 31604
3100 31648
3100 31720
3100 31688
3100 31740
3100 31648
3100 31700
3100 31696
3100 31744
3100 31652
3100 31656
3100 31600
3100 31604
3100 31744
3100 31636
3100 31604
3100 31656
3100 31704
3100 31704
3100 31600
3100 31700
3100 31600
3100 31600
3100 31696
3100 31596
3100 31652
3100 31652
3100 31648
3100 31600
3100 31692
3100 31700
3100 31644
3100 31616
3100 31648
3100 31664
3100 31648
3100 31704
3100 31704
3100 31804
3100 31608
3100 31704
3100 31636
3100 31648
3100 31752
3100 31600
3100 31640
3100 31704
3100 31652
3100 31600
3100 31700
3100 30940
3100 31600
3100 31600
3100 31604
3100 31592
3100 31672
3100 31648
3100 31668
3200 31644
3200 31640
3200 31644
3200 31644
3200 31656
3200 31704
3200 31668
3200 31652
3200 31604
3200 31720
3200 31704
3200 31612
3200 31640
3200 31640
3200 31556
3200 31608
3200 31664
3200 31620
3200 31700
3200 31652
3200 31628
3200 31752
3200 31696
3200 31704
3200 31752
3200 31700
3200 31656
3200 31716
3200 31692
3200 31624
3200 31700
3200 31652
3200 31604
3200 31680
3200 31652
3200 31612
3200 31604
3200 31752
3200 31616
3200 31600
3200 31600
3200 31600
3200 31604
3200 31648
3200 31720
3200 31688
3200 31792
3200 31648
3200 31700
3200 31696
3200 31744
3200 31652
3200 31656
3200 31600
3200 31604
3200 31744
3200 31636
3200 31604
3200 31656
3200 31704
3200 31704
3200 31600
3200 31700
3200 31600
3200 31600
3200 31696
3200 31664
3200 31652
3200 31652
3200 31648
3200 31600
3200 31692
3200 31700
3200 31644
3200 31616
3200 31648
3200 31664
3200 31648
3200 31704
3200 31704
3200 31804
3200 31608
3200 31704
3200 31636
3200 31648
3200 31752
3200 31600
3200 31640
3200 31704
3200 31652
3200 31600
3200 31700
3200 31620
3200 31600
3200 31600
3200 31604
3200 31652
3200 31672
3200 31648
3200 31668
3300 31644
3300 31640
3300 31644
3300 31644
3300 31656
3300 31704
3300 31668
3300 31652
3300 31604
3300 31720
3300 31704
3300 31612
3300 31704
3300 31640
3300 31644
3300 31608
3300 31664
3300 31620
3300 31700
3300 31652
3300 31628
3300 31752
3300 31696
3300 31704
3300 31752
3300 31700
3300 31656
3300 31716
3300 31692
3300 31624
3300 31700
3300 31652
3300 31604
3300 31680
3300 31652
3300 31612
3300 31604
3300 31752
3300 31616
3300 31656
3300 31628
3300 31616
3300 31604
3300 31648
3300 31720
3300 31688
3300 31792
3300 31652
3300 31700
3300 31744
3300 31744
3300 31652
3300 31656
3300 31644
3300 31604
3300 31744
3300 31636
3300 31604
3300 31656
3300 31704
3300 31704
3300 31652
3300 31700
3300 31228
3300 31600
3300 31696
3300 31664
3300 31652
3300 31652
3300 31648
3300 31604
3300 31692
3300 31700
3300 31644
3300 31616
3300 31648
3300 31664
3300 31648
3300 31704
3300 31704
3300 31804
3300 31608
3300 31704
3300 31636
3300 31648
3300 31752
3300 31600
3300 31640
3300 31756
3300 31652
3300 31604
3300 31700
3300 31620
3300 31600
3300 31600
3300 31604
3300 31652
3300 31756
3300 31648
3300 31668
3400 31644
3400 31640
3400 31644
3400 31644
3400 31656
3400 31804
3400 31668
3400 31652
3400 31612
3400 31720
3400 31704
3400 31708
3400 31704
3400 31640
3400 31644
3400 31608
3400 31664
3400 31620
3400 31700
3400 31652
3400 31628
3400 31752
3400 31696
3400 31820
3400 31752
3400 31700
3400 31656
3400 31716
3400 31744
3400 31624
3400 31700
3400 31652
3400 31656
3400 31680
3400 31652
3400 31612
3400 31696
3400 31752
3400 31616
3400 31656
3400 31628
3400 31616
3400 31220
3400 31648
3400 31720
3400 31688
3400 31792
3400 31740
3400 31700
3400 31744
3400 31744
3400 31652
3400 31704
3400 31644
3400 31604
3400 31744
3400 31636
3400 31604
3400 31656
3400 31704
3400 31704
3400 31652
3400 31700
3400 31608
3400 31620
3400 31696
3400 31664
3400 31652
3400 31652
3400 31648
3400 31604
3400 31692
3400 31700
3400 31644
3400 31668
3400 31648
3400 31664
3400 31648
3400 31704
3400 31704
3400 31804
3400 31608
3400 31704
3400 31636
3400 31648
3400 31752
3400 31608
3400 31640
3400 31756
3400 31652
3400 31604
3400 31700
3400 31620
3400 31652
3400 31680
3400 31704
3400 31652
3400 31756
3400 31648
3400 31668
3500 31644
3500 31652
3500 31652
3500 31644
3500 31656
3500 31804
3500 31668
3500 31652
3500 31612
3500 31720
3500 31704
3500 31804
3500 31704
3500 31640
3500 31644
3500 31636
3500 31664
3500 31620
3500 31700
3500 31652
3500 31628
3500 31752
3500 31696
3500 31820
3500 31752
3500 31700
3500 31656
3500 31716
3500 31744
3500 31624
3500 31700
3500 31652
3500 31656
3500 31680
3500 31652
3500 31612
3500 31696
3500 31752
3500 31616
3500 31672
3500 31628
3500 31664
3500 31640
3500 31648
3500 31720
3500 31688
3500 31792
3500 31740
3500 31700
3500 31744
3500 31744
3500 31652
3500 31704
3500 31644
3500 31652
3500 31744
3500 31636
3500 31652
3500 31708
3500 31704
3500 31704
3500 31652
3500 31700
3500 31492
3500 31620
3500 31696
3500 31664
3500 31652
3500 31652
3500 31656
3500 31612
3500 31692
3500 31700
3500 31644
3500 31668
3500 31648
3500 31664
3500 31648
3500 31704
3500 31704
3500 31804
3500 31652
3500 31704
3500 31636
3500 31648
3500 31752
3500 31608
3500 31640
3500 31756
3500 31652
3500 31640
3500 31700
3500 31620
3500 31652
3500 31680
3500 31704
3500 31652
3500 31756
3500 31648
3500 31668
3600 31644
3600 31652
3600 31652
3600 31644
3600 31656
3600 31804
3600 31668
3600 31652
3600 31612
3600 31720
3600 31704
3600 31804
3600 31704
3600 31640
3600 31644
3600 31640
3600 31664
3600 31620
3600 31700
3600 31652
3600 31628
3600 31752
3600 31696
3600 31820
3600 31752
3600 31700
3600 31656
3600 31716
3600 31744
3600 31624
3600 31700
3600 31652
3600 31656
3600 31680
3600 31652
3600 31612
3600 31696
3600 31752
3600 31616
3600 31672
3600 31644
3600 31664
3600 31640
3600 31648
3600 31804
3600 31688
3600 31792
3600 31740
3600 31700
3600 31744
3600 31744
3600 31652
3600 31704
3600 31644
3600 31772
3600 31744
3600 31636
3600 31652
3600 31708
3600 31704
3600 31704
3600 31652
3600 31700
3600 31692
3600 31620
3600 31696
3600 31664
3600 31652
3600 31652
3600 31656
3600 31612
3600 31692
3600 31700
3600 31644
3600 31668
3600 31648
3600 31664
3600 31648
3600 31704
3600 31704
3600 31804
3600 31652
3600 31704
3600 31636
3600 31648
3600 31752
3600 31280
3600 31640
3600 31756
3600 31652
3600 31640
3600 31700
3600 31620
3600 31652
3600 31680
3600 31704
3600 31652
3600 31756
3600 31648
3600 31668
3700 31644
3700 31652
3700 31652
3700 31644
3700 31656
3700 31804
3700 31668
3700 31652
3700 31620
3700 31720
3700 31704
3700 31804
3700 31704
3700 31640
3700 31644
3700 31640
3700 31664
3700 31720
3700 31700
3700 31652
3700 31692
3700 31752
3700 31696
3700 31820
3700 31752
3700 31704
3700 31656
3700 31716
3700 31744
3700 31692
3700 31700
3700 31652
3700 31656
3700 31680
3700 31652
3700 31256
3700 31696
3700 31752
3700 31652
3700 31672
3700 31644
3700 31664
3700 31640
3700 31648
3700 31804
3700 31688
3700 31792
3700 31740
3700 31700
3700 31744
3700 31744
3700 31688
3700 31704
3700 31644
3700 31772
3700 31752
3700 31636
3700 31652
3700 31708
3700 31704
3700 31704
3700 31652
3700 31700
3700 31692
3700 31620
3700 31696
3700 31664
3700 31652
3700 31652
3700 31656
3700 31668
3700 31692
3700 31700
3700 31644
3700 31668
3700 31648
3700 31716
3700 31712
3700 31704
3700 31704
3700 31804
3700 31652
3700 31704
3700 31636
3700 31740
3700 31752
3700 31616
3700 31640
3700 31756
3700 31652
3700 31716
3700 31700
3700 31620
3700 31652
3700 31696
3700 31704
3700 31656
3700 31756
3700 31648
3700 31704
3800 31644
3800 31696
3800 31652
3800 31644
3800 31656
3800 31804
3800 31700
3800 31652
3800 31688
3800 31720
3800 31704
3800 31804
3800 31704
3800 31640
3800 31644
3800 31640
3800 31664
3800 31720
3800 31700
3800 31724
3800 31692
3800 31752
3800 31696
3800 31820
3800 31752
3800 31704
3800 31656
3800 31716
3800 31744
3800 31692
3800 31700
3800 31652
3800 31656
3800 31680
3800 31652
3800 31648
3800 31696
3800 31752
3800 31652
3800 31720
3800 31644
3800 31664
3800 31688
3800 31740
3800 31804
3800 31688
3800 31792
3800 31740
3800 31700
3800 31744
3800 31752
3800 31688
3800 31704
3800 31644
3800 31772
3800 31752
3800 31704
3800 31652
3800 31708
3800 31704
3800 31756
3800 31652
3800 31700
3800 31692
3800 31236
3800 31696
3800 31664
3800 31652
3800 31652
3800 31656
3800 31668
3800 31692
3800 31700
3800 31644
3800 31668
3800 31648
3800 31716
3800 31712
3800 31704
3800 31704
3800 31804
3800 31652
3800 31756
3800 31636
3800 31740
3800 31752
3800 31640
3800 31640
3800 31756
3800 31652
3800 31716
3800 31700
3800 31656
3800 31652
3800 31696
3800 31704
3800 31656
3800 31756
3800 31648
3800 31704
3900 31568
3900 31696
3900 31652
3900 31644
3900 31656
3900 31804
3900 31700
3900 31652
3900 31688
3900 31720
3900 31704
3900 31804
3900 31704
3900 31644
3900 31644
3900 31652
3900 31664
3900 31720
3900 31700
3900 31724
3900 31692
3900 31752
3900 31744
3900 31820
3900 31752
3900 31704
3900 31656
3900 31716
3900 31744
3900 31692
3900 31700
3900 31652
3900 31656
3900 31680
3900 31656
3900 31648
3900 31704
3900 31752
3900 31652
3900 31720
3900 31696
3900 31664
3900 31688
3900 31740
3900 31804
3900 31688
3900 31792
3900 31740
3900 31700
3900 31744
3900 31752
3900 31688
3900 31704
3900 31644
3900 31772
3900 31752
3900 31704
3900 31704
3900 31708
3900 31704
3900 31756
3900 31652
3900 31700
3900 31692
3900 31648
3900 31696
3900 31700
3900 31652
3900 31652
3900 31656
3900 31668
3900 31692
3900 31700
3900 31644
3900 31668
3900 31648
3900 31752
3900 31712
3900 31704
3900 31704
3900 31856
3900 31652
3900 31756
3900 31696
3900 31740
3900 31752
3900 31656
3900 31680
3900 31756
3900 31652
3900 31716
3900 31700
3900 31656
3900 31652
3900 31696
3900 31704
3900 31656
3900 31756
3900 31648
3900 31704
4000 31660
4000 31696
4000 31652
4000 31652
4000 31656
4000 31804
4000 31700
4000 31652
4000 31688
4000 31720
4000 31704
4000 31804
4000 31704
4000 31680
4000 31696
4000 31652
4000 31664
4000 31720
4000 31700
4000 31760
4000 31692
4000 31752
4000 31744
4000 31820
4000 31752
4000 31704
4000 31656
4000 31716
4000 31744
4000 31692
4000 31700
4000 31652
4000 31656
4000 31680
4000 31656
4000 31648
4000 31704
4000 31752
4000 31652
4000 31720
4000 31696
4000 31664
4000 31688
4000 31740
4000 31804
4000 31688
4000 31792
4000 31740
4000 31700
4000 31744
4000 31752
4000 31688
4000 31704
4000 31588
4000 31772
4000 31752
4000 31704
4000 31704
4000 31708
4000 31704
4000 31756
4000 31652
4000 31700
4000 31692
4000 31648
4000 31752
4000 31700
4000 31652
4000 31652
4000 31656
4000 31668
4000 31692
4000 31700
4000 31644
4000 31668
4000 31648
4000 31752
4000 31712
4000 31704
4000 31704
4000 31856
4000 31652
4000 31756
4000 31696
4000 31740
4000 31752
4000 31656
4000 31680
4000 31756
4000 31652
4000 31716
4000 31700
4000 31656
4000 31700
4000 31696
4000 31704
4000 31656
4000 31756
4000 31648
4000 31704
4100 31660
4100 31696
4100 31652
4100 31652
4100 31656
4100 31804
4100 31752
4100 31652
4100 31688
4100 31720
4100 31704
4100 31804
4100 31704
4100 31680
4100 31696
4100 31652
4100 31664
4100 31720
4100 31700
4100 31760
4100 31692
4100 31752
4100 31744
4100 31820
4100 31752
4100 31704
4100 31656
4100 31716
4100 31744
4100 31692
4100 31700
4100 31652
4100 31756
4100 31680
4100 31656
4100 31660
4100 31704
4100 31752
4100 31652
4100 31768
4100 31696
4100 31664
4100 31688
4100 31740
4100 31804
4100 31688
4100 31792
4100 31740
4100 31700
4100 31744
4100 31752
4100 31688
4100 31704
4100 31660
4100 31772
4100 31752
4100 31704
4100 31704
4100 31708
4100 31704
4100 31756
4100 31652
4100 31700
4100 31692
4100 31724
4100 31752
4100 31700
4100 31652
4100 31652
4100 31656
4100 31704
4100 31692
4100 31700
4100 31652
4100 31672
4100 31672
4100 31752
4100 31712
4100 31704
4100 31704
4100 31856
4100 31652
4100 31756
4100 31696
4100 31740
4100 31752
4100 31656
4100 31680
4100 31756
4100 31652
4100 31716
4100 31700
4100 31656
4100 31700
4100 31696
4100 31704
4100 31656
4100 31756
4100 31704
4100 31704
4200 31660
4200 31696
4200 31656
4200 31196
4200 31656
4200 31804
4200 31752
4200 31680
4200 31688
4200 31720
4200 31704
4200 31804
4200 31704
4200 31680
4200 31696
4200 31652
4200 31664
4200 31720
4200 31700
4200 31760
4200 31692
4200 31752
4200 31744
4200 31820
4200 31752
4200 31704
4200 31656
4200 31716
4200 31744
4200 31692
4200 31700
4200 31652
4200 31756
4200 31680
4200 31656
4200 31660
4200 31704
4200 31784
4200 31652
4200 31768
4200 31696
4200 31796
4200 31812
4200 31740
4200 31804
4200 31688
4200 31792
4200 31740
4200 31700
4200 31744
4200 31752
4200 31688
4200 31704
4200 31660
4200 31772
4200 31752
4200 31704
4200 31704
4200 31708
4200 31704
4200 31756
4200 31652
4200 31700
4200 31692
4200 31724
4200 31752
4200 31700
4200 31652
4200 31652
4200 31656
4200 31704
4200 31692
4200 31700
4200 31652
4200 31672
4200 31720
4200 31752
4200 31712
4200 31708
4200 31704
4200 31856
4200 31652
4200 31756
4200 31696
4200 31740
4200 31752
4200 31656
4200 31680
4200 31756
4200 31652
4200 31716
4200 31700
4200 31656
4200 31700
4200 31696
4200 31808
4200 31656
4200 31756
4200 31704
4200 31704
4300 31660
4300 31696
4300 31656
4300 31660
4300 31656
4300 31804
4300 31752
4300 31680
4300 31688
4300 31720
4300 31704
4300 31804
4300 31756
4300 31680
4300 31696
4300 31656
4300 31664
4300 31720
4300 31700
4300 31760
4300 31692
4300 31752
4300 31744
4300 31820
4300 31752
4300 31808
4300 31656
4300 31716
4300 31744
4300 31692
4300 31700
4300 31664
4300 31756
4300 31680
4300 31656
4300 31660
4300 31752
4300 31784
4300 31692
4300 31768
4300 31696
4300 31796
4300 31812
4300 31740
4300 31804
4300 31688
4300 31792
4300 31740
4300 31700
4300 31744
4300 31752
4300 31688
4300 31704
4300 31660
4300 31772
4300 31752
4300 31704
4300 31704
4300 31708
4300 31704
4300 31756
4300 31740
4300 31700
4300 31692
4300 31724
4300 31752
4300 31700
4300 31688
4300 31692
4300 31664
4300 31704
4300 31692
4300 31700
4300 31656
4300 31672
4300 31720
4300 31752
4300 31712
4300 31708
4300 31704
4300 31856
4300 31228
4300 31756
4300 31696
4300 31740
4300 31752
4300 31656
4300 31680
4300 31756
4300 31652
4300 31716
4300 31700
4300 31656
4300 31700
4300 31696
4300 31808
4300 31704
4300 31808
4300 31704
4300 31720
4400 31660
4400 31696
4400 31796
4400 31660
4400 31668
4400 31804
4400 31752
4400 31680
4400 31700
4400 31720
4400 31704
4400 31804
4400 31756
4400 31680
4400 31696
4400 31660
4400 31664
4400 31720
4400 31700
4400 31760
4400 31692
4400 31752
4400 31744
4400 31820
4400 31752
4400 31808
4400 31644
4400 31716
4400 31744
4400 31692
4400 31700
4400 31664
4400 31756
4400 31680
4400 31656
4400 31660
4400 31752
4400 31784
4400 31692
4400 31768
4400 31696
4400 31848
4400 31812
4400 31740
4400 31804
4400 31688
4400 31792
4400 31740
4400 31700
4400 31744
4400 31752
4400 31688
4400 31704
4400 31660
4400 31772
4400 31752
4400 31752
4400 31704
4400 31708
4400 31704
4400 31756
4400 31740
4400 31700
4400 31692
4400 31724
4400 31752
4400 31700
4400 31688
4400 31692
4400 31752
4400 31704
4400 31692
4400 31700
4400 31656
4400 31720
4400 31720
4400 31752
4400 31712
4400 31708
4400 31756
4400 31856
4400 31704
4400 31756
4400 31696
4400 31740
4400 31752
4400 31656
4400 31680
4400 31756
4400 31692
4400 31716
4400 31700
4400 31656
4400 31700
4400 31696
4400 31808
4400 31704
4400 31808
4400 31704
4400 31720
4500 31660
4500 31696
4500 31796
4500 31660
4500 31704
4500 31804
4500 31752
4500 31680
4500 31700
4500 31720
4500 31704
4500 31804
4500 31756
4500 31680
4500 31708
4500 31708
4500 31664
4500 31756
4500 31700
4500 31760
4500 31692
4500 31752
4500 31744
4500 31820
4500 31752
4500 31808
4500 31672
4500 31716
4500 31800
4500 31692
4500 31700
4500 31664
4500 31756
4500 31680
4500 31252
4500 31660
4500 31752
4500 31784
4500 31692
4500 31768
4500 31696
4500 31848
4500 31812
4500 31740
4500 31804
4500 31688
4500 31792
4500 31740
4500 31700
4500 31744
4500 31752
4500 31688
4500 31704
4500 31660
4500 31772
4500 31752
4500 31752
4500 31704
4500 31708
4500 31704
4500 31760
4500 31740
4500 31700
4500 31692
4500 31724
4500 31752
4500 31700
4500 31688
4500 31692
4500 31752
4500 31704
4500 31692
4500 31700
4500 31656
4500 31720
4500 31720
4500 31752
4500 31712
4500 31708
4500 31756
4500 31856
4500 31704
4500 31756
4500 31696
4500 31740
4500 31752
4500 31656
4500 31680
4500 31756
4500 31692
4500 31716
4500 31700
4500 31656
4500 31700
4500 31744
4500 31808
4500 31704
4500 31808
4500 31704
4500 31720
4600 31664
4600 31696
4600 31848
4600 31352
4600 31704
4600 31804
4600 31752
4600 31680
4600 31700
4600 31720
4600 31704
4600 31804
4600 31756
4600 31680
4600 31744
4600 31756
4600 31664
4600 31756
4600 31700
4600 31760
4600 31692
4600 31752
4600 31744
4600 31820
4600 31752
4600 31808
4600 31672
4600 31716
4600 31800
4600 31692
4600 31700
4600 31664
4600 31756
4600 31680
4600 31704
4600 31660
4600 31752
4600 31784
4600 31692
4600 31768
4600 31736
4600 31848
4600 31812
4600 31740
4600 31804
4600 31688
4600 31792
4600 31740
4600 31700
4600 31744
4600 31752
4600 31688
4600 31704
4600 31660
4600 31772
4600 31752
4600 31752
4600 31704
4600 31756
4600 31704
4600 31760
4600 31740
4600 31700
4600 31692
4600 31724
4600 31752
4600 31804
4600 31688
4600 31692
4600 31752
4600 31704
4600 31692
4600 31700
4600 31680
4600 31720
4600 31720
4600 31752
4600 31712
4600 31708
4600 31756
4600 31856
4600 31704
4600 31756
4600 31696
4600 31740
4600 31752
4600 31672
4600 31680
4600 31756
4600 31692
4600 31716
4600 31700
4600 31704
4600 31700
4600 31744
4600 31808
4600 31704
4600 31808
4600 31704
4600 31720
4700 31692
4700 31696
4700 31848
4700 31668
4700 31704
4700 31804
4700 31752
4700 31680
4700 31700
4700 31768
4700 31704
4700 31804
4700 31756
4700 31680
4700 31744
4700 31756
4700 31700
4700 31756
4700 31700
4700 31760
4700 31692
4700 31752
4700 31744
4700 31820
4700 31752
4700 31808
4700 31672
4700 31716
4700 31800
4700 31692
4700 31700
4700 31672
4700 31756
4700 31680
4700 31704
4700 31756
4700 31752
4700 31784
4700 31692
4700 31768
4700 31736
4700 31848
4700 31812
4700 31740
4700 31804
4700 31688
4700 31792
4700 31740
4700 31700
4700 31744
4700 31752
4700 31688
4700 31704
4700 31692
4700 31772
4700 31752
4700 31752
4700 31704
4700 31756
4700 31704
4700 31760
4700 31740
4700 31700
4700 31692
4700 31724
4700 31752
4700 31804
4700 31688
4700 31692
4700 31752
4700 31704
4700 31692
4700 31704
4700 31680
4700 31720
4700 31720
4700 31752
4700 31712
4700 31708
4700 31756
4700 31856
4700 31704
4700 31756
4700 31696
4700 31740
4700 31752
4700 31672
4700 31680
4700 31756
4700 31728
4700 31716
4700 31700
4700 31704
4700 31700
4700 31744
4700 31808
4700 31704
4700 31808
4700 31704
4700 31720
4800 31692
4800 31696
4800 31848
4800 31804
4800 31704
4800 31804
4800 31752
4800 31688
4800 31700
4800 31768
4800 31704
4800 31804
4800 31756
4800 31684
4800 31744
4800 31756
4800 31700
4800 31756
4800 31700
4800 31760
4800 31692
4800 31752
4800 31744
4800 31820
4800 31752
4800 31808
4800 31692
4800 31716
4800 31800
4800 31692
4800 31700
4800 31748
4800 31756
4800 31316
4800 31704
4800 31756
4800 31752
4800 31784
4800 31692
4800 31768
4800 31736
4800 31848
4800 31812
4800 31740
4800 31804
4800 31688
4800 31792
4800 31740
4800 31700
4800 31744
4800 31752
4800 31688
4800 31704
4800 31692
4800 31772
4800 31752
4800 31752
4800 31704
4800 31756
4800 31704
4800 31760
4800 31740
4800 31700
4800 31692
4800 31756
4800 31752
4800 31804
4800 31688
4800 31692
4800 31752
4800 31704
4800 31692
4800 31704
4800 31680
4800 31720
4800 31720
4800 31752
4800 31712
4800 31708
4800 31756
4800 31856
4800 31704
4800 31756
4800 31748
4800 31740
4800 31752
4800 31692
4800 31680
4800 31756
4800 31764
4800 31716
4800 31700
4800 31704
4800 31700
4800 31744
4800 31808
4800 31704
4800 31808
4800 31704
4800 31720
4900 31692
4900 31696
4900 31848
4900 31804
4900 31768
4900 31804
4900 31752
4900 31720
4900 31700
4900 31768
4900 31704
4900 31804
4900 31756
4900 31692
4900 31744
4900 31804
4900 31756
4900 31756
4900 31760
4900 31760
4900 31692
4900 31752
4900 31744
4900 31820
4900 31752
4900 31808
4900 31692
4900 31716
4900 31800
4900 31692
4900 31700
4900 31748
4900 31756
4900 31700
4900 31704
4900 31756
4900 31752
4900 31784
4900 31692
4900 31768
4900 31736
4900 31848
4900 31812
4900 31740
4900 31804
4900 31556
4900 31792
4900 31740
4900 31724
4900 31744
4900 31752
4900 31688
4900 31704
4900 31692
4900 31772
4900 31752
4900 31752
4900 31704
4900 31756
4900 31708
4900 31760
4900 31740
4900 31700
4900 31692
4900 31756
4900 31752
4900 31804
4900 31688
4900 31692
4900 31752
4900 31704
4900 31692
4900 31704
4900 31704
4900 31720
4900 31720
4900 31752
4900 31712
4900 31708
4900 31756
4900 31856
4900 31704
4900 31756
4900 31796
4900 31740
4900 31752
4900 31692
4900 31700
4900 31756
4900 31764
4900 31716
4900 31700
4900 31704
4900 31700
4900 31744
4900 31808
4900 31704
4900 31808
4900 31704
4900 31720
5000 31704
5000 31696
5000 31848
5000 31804
5000 31768
5000 31804
5000 31752
5000 31720
5000 31700
5000 31768
5000 31704
5000 31804
5000 31756
5000 31708
5000 31744
5000 31804
5000 31756
5000 31756
5000 31760
5000 31760
5000 31704
5000 31752
5000 31744
5000 31820
5000 31752
5000 31808
5000 31692
5000 31716
5000 31800
5000 31692
5000 31700
5000 31748
5000 31756
5000 31700
5000 31704
5000 31756
5000 31752
5000 31784
5000 31692
5000 31768
5000 31736
5000 31848
5000 31812
5000 31740
5000 31804
5000 31752
5000 31792
5000 31756
5000 31724
5000 31744
5000 31752
5000 31704
5000 31704
5000 31704
5000 31772
5000 31756
5000 31752
5000 31704
5000 31756
5000 31708
5000 31760
5000 31740
5000 31700
5000 31692
5000 31756
5000 31752
5000 31804
5000 31708
5000 31692
5000 31752
5000 31708
5000 31692
5000 31704
5000 31704
5000 31720
5000 31720
5000 31756
5000 31712
5000 31708
5000 31756
5000 31856
5000 31704
5000 31756
5000 31796
5000 31740
5000 31752
5000 31692
5000 31700
5000 31756
5000 31764
5000 31716
5000 31700
5000 31704
5000 31700
5000 31744
5000 31808
5000 31704
5000 31808
5000 31704
5000 31720
5100 31704
5100 31696
5100 31848
5100 31804
5100 31772
5100 31804
5100 31752
5100 31720
5100 31700
5100 31768
5100 31704
5100 31804
5100 31756
5100 31708
5100 31796
5100 31804
5100 31756
5100 31756
5100 31760
5100 31760
5100 31704
5100 31752
5100 31744
5100 31820
5100 31752
5100 31808
5100 31704
5100 31716
5100 31800
5100 31704
5100 31700
5100 31748
5100 31756
5100 31708
5100 31704
5100 31756
5100 31752
5100 31784
5100 31704
5100 31768
5100 31736
5100 31848
5100 31812
5100 31740
5100 31804
5100 31752
5100 31792
5100 31756
5100 31724
5100 31744
5100 31752
5100 31704
5100 31704
5100 31704
5100 31772
5100 31756
5100 31752
5100 31704
5100 31756
5100 31708
5100 31760
5100 31740
5100 31700
5100 31752
5100 31756
5100 31752
5100 31804
5100 31708
5100 31724
5100 31752
5100 31708
5100 31620
5100 31704
5100 31704
5100 31720
5100 31720
5100 31756
5100 31712
5100 31756
5100 31756
5100 31856
5100 31704
5100 31756
5100 31796
5100 31740
5100 31752
5100 31692
5100 31700
5100 31756
5100 31764
5100 31716
5100 31700
5100 31704
5100 31700
5100 31744
5100 31808
5100 31704
5100 31808
5100 31704
5100 31720
5200 31704
5200 31740
5200 31856
5200 31804
5200 31772
5200 31804
5200 31752
5200 31720
5200 31700
5200 31768
5200 31704
5200 31804
5200 31756
5200 31708
5200 31796
5200 31804
5200 31756
5200 31756
5200 31760
5200 31808
5200 31704
5200 31752
5200 31744
5200 31820
5200 31752
5200 31808
5200 31704
5200 31716
5200 31800
5200 31756
5200 31700
5200 31748
5200 31756
5200 31708
5200 31704
5200 31756
5200 31752
5200 31784
5200 31704
5200 31768
5200 31736
5200 31848
5200 31812
5200 31740
5200 31804
5200 31756
5200 31792
5200 31756
5200 31724
5200 31744
5200 31752
5200 31704
5200 31704
5200 31704
5200 31772
5200 31756
5200 31752
5200 31704
5200 31756
5200 31708
5200 31760
5200 31740
5200 31700
5200 31752
5200 31756
5200 31752
5200 31804
5200 31708
5200 31724
5200 31752
5200 31708
5200 31704
5200 31704
5200 31704
5200 31720
5200 31720
5200 31756
5200 31712
5200 31756
5200 31756
5200 31856
5200 31704
5200 31756
5200 31796
5200 31740
5200 31752
5200 31704
5200 31700
5200 31756
5200 31764
5200 31716
5200 31700
5200 31704
5200 31700
5200 31744
5200 31808
5200 31704
5200 31808
5200 31704
5200 31720
5300 31704
5300 31740
5300 31856
5300 31804
5300 31772
5300 31804
5300 31752
5300 31720
5300 31708
5300 31768
5300 31704
5300 31804
5300 31756
5300 31708
5300 31796
5300 31804
5300 31756
5300 31756
5300 31760
5300 31808
5300 31704
5300 31752
5300 31744
5300 31820
5300 31752
5300 31808
5300 31704
5300 31716
5300 31800
5300 31756
5300 31704
5300 31748
5300 31756
5300 31708
5300 31704
5300 31756
5300 31752
5300 31784
5300 31704
5300 31768
5300 31736
5300 31848
5300 31812
5300 31740
5300 31804
5300 31756
5300 31792
5300 31756
5300 31724
5300 31744
5300 31752
5300 31704
5300 31748
5300 31704
5300 31772
5300 31756
5300 31752
5300 31704
5300 31756
5300 31708
5300 31760
5300 31740
5300 31752
5300 31752
5300 31756
5300 31752
5300 31804
5300 31708
5300 31724
5300 31752
5300 31708
5300 31704
5300 31704
5300 31704
5300 31720
5300 31720
5300 31756
5300 31712
5300 31756
5300 31756
5300 31856
5300 31704
5300 31756
5300 31796
5300 31740
5300 31752
5300 31704
5300 31704
5300 31756
5300 31764
5300 31716
5300 31804
5300 31704
5300 31452
5300 31744
5300 31808
5300 31704
5300 31808
5300 31704
5300 31720
5400 31712
5400 31748
5400 31856
5400 31804
5400 31772
5400 31804
5400 31752
5400 31720
5400 31708
5400 31800
5400 31304
5400 31804
5400 31756
5400 31708
5400 31796
5400 31804
5400 31756
5400 31756
5400 31760
5400 31808
5400 31704
5400 31752
5400 31744
5400 31820
5400 31752
5400 31808
5400 31704
5400 31716
5400 31800
5400 31756
5400 31704
5400 31748
5400 31756
5400 31708
5400 31704
5400 31756
5400 31752
5400 31784
5400 31708
5400 31768
5400 31736
5400 31848
5400 31812
5400 31740
5400 31804
5400 31756
5400 31792
5400 31756
5400 31724
5400 31744
5400 31752
5400 31704
5400 31748
5400 31708
5400 31772
5400 31756
5400 31752
5400 31704
5400 31756
5400 31708
5400 31760
5400 31740
5400 31752
5400 31752
5400 31756
5400 31752
5400 31804
5400 31716
5400 31724
5400 31752
5400 31708
5400 31704
5400 31704
5400 31704
5400 31720
5400 31720
5400 31756
5400 31712
5400 31756
5400 31756
5400 31856
5400 31704
5400 31756
5400 31796
5400 31740
5400 31752
5400 31704
5400 31704
5400 31756
5400 31764
5400 31716
5400 31804
5400 31704
5400 31704
5400 31744
5400 31808
5400 31708
5400 31808
5400 31704
5400 31756
5500 31756
5500 31748
5500 31856
5500 31804
5500 31772
5500 31804
5500 31752
5500 31720
5500 31708
5500 31800
5500 31756
5500 31804
5500 31756
5500 31756
5500 31796
5500 31804
5500 31756
5500 31756
5500 31760
5500 31808
5500 31756
5500 31752
5500 31744
5500 31820
5500 31752
5500 31808
5500 31748
5500 31716
5500 31800
5500 31756
5500 31452
5500 31748
5500 31756
5500 31708
5500 31704
5500 31756
5500 31752
5500 31784
5500 31708
5500 31768
5500 31736
5500 31848
5500 31812
5500 31740
5500 31804
5500 31756
5500 31792
5500 31756
5500 31724
5500 31744
5500 31752
5500 31756
5500 31748
5500 31708
5500 31772
5500 31756
5500 31752
5500 31704
5500 31756
5500 31708
5500 31760
5500 31740
5500 31752
5500 31752
5500 31756
5500 31752
5500 31804
5500 31716
5500 31744
5500 31752
5500 31708
5500 31704
5500 31704
5500 31704
5500 31720
5500 31720
5500 31756
5500 31712
5500 31756
5500 31756
5500 31856
5500 31704
5500 31756
5500 31796
5500 31740
5500 31752
5500 31704
5500 31704
5500 31756
5500 31764
5500 31716
5500 31804
5500 31704
5500 31704
5500 31744
5500 31808
5500 31708
5500 31808
5500 31704
5500 31756
5600 31756
5600 31748
5600 31856
5600 31804
5600 31772
5600 31804
5600 31752
5600 31744
5600 31760
5600 31800
5600 31756
5600 31804
5600 31756
5600 31756
5600 31796
5600 31804
5600 31756
5600 31756
5600 31760
5600 31808
5600 31756
5600 31752
5600 31744
5600 31820
5600 31752
5600 31808
5600 31748
5600 31716
5600 31800
5600 31756
5600 31756
5600 31748
5600 31756
5600 31708
5600 31708
5600 31756
5600 31752
5600 31784
5600 31708
5600 31768
5600 31736
5600 31848
5600 31812
5600 31740
5600 31804
5600 31756
5600 31792
5600 31756
5600 31724
5600 31744
5600 31752
5600 31756
5600 31748
5600 31708
5600 31772
5600 31756
5600 31752
5600 31708
5600 31756
5600 31708
5600 31760
5600 31740
5600 31752
5600 31752
5600 31756
5600 31752
5600 31804
5600 31716
5600 31744
5600 31752
5600 31708
5600 31712
5600 31752
5600 31704
5600 31720
5600 31720
5600 31756
5600 31712
5600 31756
5600 31756
5600 31856
5600 31704
5600 31756
5600 31796
5600 31740
5600 31752
5600 31704
5600 31708
5600 31756
5600 31764
5600 31716
5600 31804
5600 31704
5600 31704
5600 31796
5600 31808
5600 31744
5600 31808
5600 31704
5600 31756
5700 31756
5700 31796
5700 31856
5700 31804
5700 31772
5700 31804
5700 31752
5700 31744
5700 31760
5700 31800
5700 31760
5700 31804
5700 31756
5700 31756
5700 31796
5700 31804
5700 31756
5700 31756
5700 31760
5700 31808
5700 31756
5700 31752
5700 31744
5700 31820
5700 31752
5700 31808
5700 31748
5700 31716
5700 31800
5700 31756
5700 31756
5700 31784
5700 31756
5700 31708
5700 31708
5700 31756
5700 31752
5700 31784
5700 31708
5700 31768
5700 31736
5700 31848
5700 31812
5700 31740
5700 31804
5700 31756
5700 31792
5700 31756
5700 31760
5700 31756
5700 31752
5700 31756
5700 31748
5700 31708
5700 31772
5700 31756
5700 31752
5700 31708
5700 31756
5700 31708
5700 31760
5700 31740
5700 31752
5700 31752
5700 31756
5700 31756
5700 31804
5700 31716
5700 31744
5700 31752
5700 31708
5700 31712
5700 31752
5700 31744
5700 31720
5700 31720
5700 31756
5700 31712
5700 31756
5700 31756
5700 31856
5700 31612
5700 31756
5700 31796
5700 31740
5700 31752
5700 31704
5700 31708
5700 31756
5700 31764
5700 31716
5700 31804
5700 31704
5700 31704
5700 31796
5700 31808
5700 31744
5700 31808
5700 31744
5700 31756
5800 31756
5800 31796
5800 31856
5800 31804
5800 31772
5800 31804
5800 31752
5800 31744
5800 31760
5800 31800
5800 31760
5800 31804
5800 31756
5800 31756
5800 31796
5800 31804
5800 31756
5800 31756
5800 31760
5800 31808
5800 31756
5800 31752
5800 31744
5800 31820
5800 31752
5800 31808
5800 31748
5800 31716
5800 31800
5800 31756
5800 31756
5800 31784
5800 31756
5800 31748
5800 31744
5800 31756
5800 31752
5800 31784
5800 31756
5800 31768
5800 31736
5800 31848
5800 31812
5800 31740
5800 31804
5800 31756
5800 31808
5800 31756
5800 31760
5800 31756
5800 31752
5800 31756
5800 31748
5800 31756
5800 31772
5800 31756
5800 31752
5800 31708
5800 31756
5800 31708
5800 31760
5800 31740
5800 31752
5800 31752
5800 31756
5800 31756
5800 31804
5800 31716
5800 31744
5800 31752
5800 31708
5800 31712
5800 31752
5800 31744
5800 31720
5800 31720
5800 31756
5800 31712
5800 31756
5800 31756
5800 31856
5800 31808
5800 31756
5800 31796
5800 31740
5800 31752
5800 31716
5800 31708
5800 31756
5800 31764
5800 31716
5800 31804
5800 31716
5800 31744
5800 31796
5800 31808
5800 31744
5800 31808
5800 31744
5800 31756
5900 31756
5900 31796
5900 31856
5900 31804
5900 31772
5900 31804
5900 31752
5900 31744
5900 31760
5900 31800
5900 31760
5900 31804
5900 31756
5900 31756
5900 31796
5900 31804
5900 31756
5900 31756
5900 31760
5900 31808
5900 31756
5900 31752
5900 31744
5900 31820
5900 31752
5900 31808
5900 31748
5900 31760
5900 31800
5900 31756
5900 31756
5900 31784
5900 31756
5900 31748
5900 31744
5900 31756
5900 31752
5900 31784
5900 31756
5900 31768
5900 31808
5900 31848
5900 31812
5900 31740
5900 31804
5900 31756
5900 31808
5900 31756
5900 31760
5900 31756
5900 31752
5900 31756
5900 31748
5900 31756
5900 31772
5900 31756
5900 31752
5900 31720
5900 31756
5900 31456
5900 31760
5900 31740
5900 31752
5900 31752
5900 31756
5900 31756
5900 31804
5900 31716
5900 31744
5900 31752
5900 31708
5900 31720
5900 31752
5900 31744
5900 31720
5900 31720
5900 31756
5900 31712
5900 31756
5900 31756
5900 31856
5900 31808
5900 31756
5900 31796
5900 31740
5900 31752
5900 31716
5900 31708
5900 31756
5900 31764
5900 31772
5900 31804
5900 31716
5900 31744
5900 31796
5900 31808
5900 31744
5900 31808
5900 31744
5900 31756
6000 31756
6000 31796
6000 31856
6000 31804
6000 31772
6000 31804
6000 31752
6000 31744
6000 31760
6000 31800
6000 31760
6000 31804
6000 31756
6000 31756
6000 31796
6000 31804
6000 31756
6000 31756
6000 31760
6000 31808
6000 31756
6000 31752
6000 31744
6000 31820
6000 31752
6000 31808
6000 31748
6000 31760
6000 31800
6000 31756
6000 31756
6000 31784
6000 31756
6000 31748
6000 31744
6000 31756
6000 31752
6000 31784
6000 31756
6000 31768
6000 31808
6000 31848
6000 31812
6000 31740
6000 31804
6000 31756
6000 31808
6000 31756
6000 31760
6000 31756
6000 31752
6000 31756
6000 31748
6000 31756
6000 31772
6000 31756
6000 31752
6000 31720
6000 31756
6000 31260
6000 31760
6000 31740
6000 31752
6000 31752
6000 31756
6000 31756
6000 31804
6000 31716
6000 31744
6000 31752
6000 31756
6000 31720
6000 31752
6000 31744
6000 31756
6000 31720
6000 31756
6000 31724
6000 31756
6000 31756
6000 31856
6000 31808
6000 31756
6000 31796
6000 31740
6000 31752
6000 31716
6000 31716
6000 31756
6000 31764
6000 31772
6000 31804
6000 31716
6000 31744
6000 31796
6000 31808
6000 31744
6000 31808
6000 31744
6000 31756
6100 31756
6100 31796
6100 31856
6100 31804
6100 31772
6100 31804
6100 31752
6100 31744
6100 31760
6100 31800
6100 31808
6100 31804
6100 31756
6100 31756
6100 31796
6100 31804
6100 31756
6100 31756
6100 31760
6100 31808
6100 31760
6100 31752
6100 31744
6100 31820
6100 31752
6100 31808
6100 31748
6100 31760
6100 31800
6100 31756
6100 31756
6100 31784
6100 31756
6100 31748
6100 31744
6100 31756
6100 31752
6100 31784
6100 31756
6100 31768
6100 31808
6100 31848
6100 31812
6100 31740
6100 31804
6100 31756
6100 31808
6100 31756
6100 31760
6100 31756
6100 31752
6100 31756
6100 31748
6100 31756
6100 31772
6100 31756
6100 31752
6100 31720
6100 31756
6100 31768
6100 31760
6100 31740
6100 31760
6100 31752
6100 31756
6100 31756
6100 31804
6100 31720
6100 31744
6100 31752
6100 31756
6100 31720
6100 31752
6100 31744
6100 31756
6100 31720
6100 31756
6100 31724
6100 31756
6100 31756
6100 31856
6100 31808
6100 31756
6100 31796
6100 31740
6100 31752
6100 31716
6100 31744
6100 31756
6100 31764
6100 31772
6100 31804
6100 31716
6100 31744
6100 31796
6100 31808
6100 31744
6100 31808
6100 31744
6100 31756
6200 31756
6200 31796
6200 31856
6200 31804
6200 31772
6200 31804
6200 31752
6200 31744
6200 31760
6200 31800
6200 31808
6200 31804
6200 31756
6200 31756
6200 31796
6200 31804
6200 31756
6200 31756
6200 31760
6200 31808
6200 31760
6200 31752
6200 31744
6200 31820
6200 31752
6200 31808
6200 31748
6200 31760
6200 31800
6200 31756
6200 31756
6200 31784
6200 31756
6200 31748
6200 31744
6200 31756
6200 31752
6200 31784
6200 31756
6200 31768
6200 31808
6200 31848
6200 31812
6200 31740
6200 31804
6200 31756
6200 31808
6200 31756
6200 31760
6200 31756
6200 31752
6200 31756
6200 31748
6200 31756
6200 31772
6200 31756
6200 31752
6200 31752
6200 31756
6200 31768
6200 31808
6200 31740
6200 31760
6200 31752
6200 31756
6200 31756
6200 31804
6200 31720
6200 31744
6200 31752
6200 31756
6200 31720
6200 31752
6200 31748
6200 31756
6200 31720
6200 31756
6200 31724
6200 31756
6200 31756
6200 31856
6200 31808
6200 31756
6200 31796
6200 31740
6200 31752
6200 31756
6200 31744
6200 31756
6200 31764
6200 31772
6200 31804
6200 31348
6200 31744
6200 31796
6200 31808
6200 31744
6200 31808
6200 31744
6200 31756
6300 31756
6300 31796
6300 31856
6300 31804
6300 31772
6300 31804
6300 31752
6300 31744
6300 31760
6300 31800
6300 31808
6300 31804
6300 31756
6300 31756
6300 31796
6300 31804
6300 31756
6300 31756
6300 31760
6300 31808
6300 31760
6300 31752
6300 31744
6300 31820
6300 31752
6300 31808
6300 31748
6300 31760
6300 31800
6300 31792
6300 31756
6300 31784
6300 31756
6300 31748
6300 31744
6300 31756
6300 31752
6300 31784
6300 31808
6300 31768
6300 31808
6300 31848
6300 31848
6300 31760
6300 31804
6300 31756
6300 31808
6300 31756
6300 31760
6300 31756
6300 31752
6300 31756
6300 31748
6300 31756
6300 31772
6300 31756
6300 31752
6300 31752
6300 31756
6300 31768
6300 31808
6300 31740
6300 31760
6300 31752
6300 31756
6300 31756
6300 31804
6300 31808
6300 31744
6300 31752
6300 31756
6300 31748
6300 31752
6300 31748
6300 31756
6300 31756
6300 31756
6300 31756
6300 31756
6300 31756
6300 31856
6300 31808
6300 31756
6300 31796
6300 31740
6300 31752
6300 31756
6300 31744
6300 31756
6300 31764
6300 31772
6300 31804
6300 31796
6300 31808
6300 31796
6300 31808
6300 31744
6300 31808
6300 31748
6300 31756
6400 31756
6400 31796
6400 31856
6400 31804
6400 31772
6400 31804
6400 31752
6400 31760
6400 31808
6400 31800
6400 31808
6400 31804
6400 31756
6400 31756
6400 31796
6400 31804
6400 31756
6400 31756
6400 31760
6400 31808
6400 31760
6400 31752
6400 30540
6400 31820
6400 31756
6400 31808
6400 31748
6400 31760
6400 31800
6400 31792
6400 31756
6400 31784
6400 31756
6400 31748
6400 31744
6400 31756
6400 31752
6400 31784
6400 31808
6400 31768
6400 31808
6400 31848
6400 31848
6400 31760
6400 31804
6400 31756
6400 31808
6400 31756
6400 31760
6400 31756
6400 31752
6400 31756
6400 31752
6400 31756
6400 31772
6400 31756
6400 31752
6400 31752
6400 31756
6400 31768
6400 31808
6400 31800
6400 31760
6400 31752
6400 31756
6400 31756
6400 31804
6400 31808
6400 31808
6400 31752
6400 31756
6400 31752
6400 31752
6400 31748
6400 31756
6400 31756
6400 31756
6400 31756
6400 31756
6400 31756
6400 31856
6400 31808
6400 31756
6400 31796
6400 31756
6400 31752
6400 31756
6400 31744
6400 31756
6400 31764
6400 31772
6400 31804
6400 31796
6400 31808
6400 31796
6400 31808
6400 31744
6400 31808
6400 31812
6400 31756
6500 31796
6500 31796
6500 31856
6500 31804
6500 31772
6500 31804
6500 31752
6500 31760
6500 31808
6500 31800
6500 31808
6500 31804
6500 31756
6500 31756
6500 31796
6500 31804
6500 31756
6500 31756
6500 31760
6500 31808
6500 31760
6500 31752
6500 31292
6500 31820
6500 31756
6500 31808
6500 31748
6500 31760
6500 31800
6500 31792
6500 31756
6500 31784
6500 31756
6500 31748
6500 31744
6500 31756
6500 31752
6500 31784
6500 31808
6500 31768
6500 31808
6500 31848
6500 31848
6500 31760
6500 31804
6500 31756
6500 31808
6500 31756
6500 31760
6500 31756
6500 31752
6500 31756
6500 31752
6500 31756
6500 31772
6500 31756
6500 31752
6500 31752
6500 31756
6500 31768
6500 31808
6500 31800
6500 31760
6500 31752
6500 31756
6500 31756
6500 31804
6500 31808
6500 31808
6500 31752
6500 31756
6500 31752
6500 31752
6500 31748
6500 31756
6500 31756
6500 31756
6500 31756
6500 31756
6500 31756
6500 31856
6500 31808
6500 31756
6500 31796
6500 31756
6500 31752
6500 31756
6500 31744
6500 31756
6500 31764
6500 31772
6500 31804
6500 31796
6500 31808
6500 31796
6500 31808
6500 31744
6500 31808
6500 31812
6500 31756
6600 31796
6600 31796
6600 31856
6600 31804
6600 31772
6600 31804
6600 31752
6600 31760
6600 31808
6600 31800
6600 31808
6600 31804
6600 31756
6600 31756
6600 31796
6600 31804
6600 31756
6600 31756
6600 31760
6600 31808
6600 31760
6600 31752
6600 31756
6600 31820
6600 31756
6600 31808
6600 31748
6600 31760
6600 31800
6600 31792
6600 31756
6600 31784
6600 31756
6600 31748
6600 31756
6600 31756
6600 31752
6600 31784
6600 31808
6600 31768
6600 31808
6600 31848
6600 31848
6600 31760
6600 31804
6600 31756
6600 31808
6600 31756
6600 31760
6600 31756
6600 31752
6600 31756
6600 31752
6600 31756
6600 31772
6600 31756
6600 31752
6600 31752
6600 31756
6600 31768
6600 31808
6600 31800
6600 31760
6600 31752
6600 31756
6600 31756
6600 31804
6600 31808
6600 31808
6600 31752
6600 31756
6600 31752
6600 31760
6600 31748
6600 31756
6600 31756
6600 31756
6600 31756
6600 31756
6600 31756
6600 31856
6600 31808
6600 31756
6600 31796
6600 31760
6600 31752
6600 31756
6600 31664
6600 31756
6600 31764
6600 31772
6600 31804
6600 31796
6600 31808
6600 31796
6600 31808
6600 31744
6600 31808
6600 31812
6600 31756
6700 31796
6700 31796
6700 31856
6700 31804
6700 31772
6700 31804
6700 31756
6700 31760
6700 31808
6700 31800
6700 31808
6700 31804
6700 31756
6700 31756
6700 31796
6700 31804
6700 31756
6700 31756
6700 31760
6700 31808
6700 31808
6700 31752
6700 31756
6700 31820
6700 31756
6700 31808
6700 31596
6700 31760
6700 31800
6700 31792
6700 31756
6700 31784
6700 31756
6700 31748
6700 31756
6700 31756
6700 31752
6700 31784
6700 31808
6700 31768
6700 31808
6700 31848
6700 31848
6700 31760
6700 31804
6700 31756
6700 31808
6700 31756
6700 31760
6700 31756
6700 31752
6700 31756
6700 31752
6700 31756
6700 31772
6700 31756
6700 31752
6700 31752
6700 31756
6700 31768
6700 31808
6700 31800
6700 31760
6700 31752
6700 31756
6700 31756
6700 31804
6700 31808
6700 31808
6700 31752
6700 31756
6700 31752
6700 31760
6700 31748
6700 31756
6700 31756
6700 31756
6700 31756
6700 31756
6700 31760
6700 31856
6700 31808
6700 31756
6700 31796
6700 31760
6700 31752
6700 31756
6700 31760
6700 31756
6700 31764
6700 31772
6700 31804
6700 31796
6700 31808
6700 31800
6700 31808
6700 31756
6700 31808
6700 31812
6700 31756
6800 31796
6800 31796
6800 31856
6800 31804
6800 31772
6800 31804
6800 31756
6800 31760
6800 31808
6800 31800
6800 31808
6800 31804
6800 31756
6800 31756
6800 31796
6800 31804
6800 31756
6800 31804
6800 31760
6800 31808
6800 31808
6800 31752
6800 31756
6800 31820
6800 31756
6800 31808
6800 31648
6800 31760
6800 31800
6800 31792
6800 31756
6800 31784
6800 31756
6800 31748
6800 31756
6800 31756
6800 31752
6800 31784
6800 31808
6800 31768
6800 31808
6800 31848
6800 31848
6800 31760
6800 31804
6800 31756
6800 31808
6800 31756
6800 31760
6800 31756
6800 31752
6800 31756
6800 31752
6800 31756
6800 31772
6800 31756
6800 31752
6800 31752
6800 31756
6800 31768
6800 31808
6800 31800
6800 31760
6800 31752
6800 31756
6800 31756
6800 31804
6800 31808
6800 31808
6800 31752
6800 31756
6800 31752
6800 31760
6800 31748
6800 31756
6800 31756
6800 31756
6800 31756
6800 31756
6800 31760
6800 31856
6800 31808
6800 31756
6800 31796
6800 31760
6800 31752
6800 31756
6800 31760
6800 31756
6800 31764
6800 31772
6800 31804
6800 31796
6800 31808
6800 31800
6800 31808
6800 31756
6800 31808
6800 31812
6800 31756
6900 31796
6900 31796
6900 31856
6900 31804
6900 31772
6900 31804
6900 31756
6900 31760
6900 31808
6900 31800
6900 31808
6900 31804
6900 31756
6900 31756
6900 31796
6900 31804
6900 31756
6900 31804
6900 31760
6900 31808
6900 31808
6900 31756
6900 31756
6900 31820
6900 31756
6900 31808
6900 31764
6900 31760
6900 31800
6900 31792
6900 31756
6900 31784
6900 31756
6900 31764
6900 31756
6900 31756
6900 31300
6900 31784
6900 31808
6900 31768
6900 31808
6900 31848
6900 31848
6900 31760
6900 31804
6900 31756
6900 31808
6900 31756
6900 31760
6900 31756
6900 31752
6900 31756
6900 31752
6900 31756
6900 31772
6900 31756
6900 31752
6900 31752
6900 31756
6900 31768
6900 31808
6900 31800
6900 31760
6900 31752
6900 31756
6900 31756
6900 31804
6900 31808
6900 31808
6900 31752
6900 31756
6900 31752
6900 31760
6900 31756
6900 31756
6900 31756
6900 31756
6900 31756
6900 31756
6900 31760
6900 31856
6900 31808
6900 31804
6900 31796
6900 31760
6900 31752
6900 31756
6900 31760
6900 31756
6900 31764
6900 31772
6900 31804
6900 31796
6900 31808
6900 31800
6900 31808
6900 31756
6900 31808
6900 31812
6900 31756
7000 31796
7000 31796
7000 31856
7000 31804
7000 31772
7000 31804
7000 31756
7000 31760
7000 31808
7000 31800
7000 31808
7000 31804
7000 31756
7000 31756
7000 31796
7000 31804
7000 31756
7000 31804
7000 31760
7000 31808
7000 31808
7000 31756
7000 31756
7000 31820
7000 31756
7000 31808
7000 31764
7000 31760
7000 31800
7000 31792
7000 31756
7000 31784
7000 31756
7000 31764
7000 31756
7000 31756
7000 31772
7000 31784
7000 31808
7000 31768
7000 31808
7000 31848
7000 31848
7000 31760
7000 31804
7000 31756
7000 31808
7000 31756
7000 31764
7000 31756
7000 31796
7000 31756
7000 31628
7000 31756
7000 31772
7000 31756
7000 31752
7000 31752
7000 31756
7000 31768
7000 31808
7000 31800
7000 31760
7000 31752
7000 31756
7000 31756
7000 31804
7000 31808
7000 31808
7000 31752
7000 31756
7000 31752
7000 31760
7000 31756
7000 31756
7000 31756
7000 31756
7000 31756
7000 31756
7000 31760
7000 31856
7000 31808
7000 31804
7000 31796
7000 31760
7000 31752
7000 31756
7000 31760
7000 31756
7000 31764
7000 31772
7000 31804
7000 31796
7000 31808
7000 31800
7000 31808
7000 31756
7000 31808
7000 31812
7000 31756
7100 31796
7100 31796
7100 31856
7100 31804
7100 31772
7100 31804
7100 31756
7100 31760
7100 31808
7100 31800
7100 31808
7100 31804
7100 31756
7100 31756
7100 31800
7100 31804
7100 31756
7100 31804
7100 31760
7100 31808
7100 31808
7100 31756
7100 31756
7100 31820
7100 31756
7100 31808
7100 31764
7100 31760
7100 31800
7100 31792
7100 31756
7100 31784
7100 31756
7100 31764
7100 31756
7100 31756
7100 31772
7100 31784
7100 31808
7100 31768
7100 31808
7100 31848
7100 31848
7100 31760
7100 31804
7100 31756
7100 31808
7100 31756
7100 31764
7100 31756
7100 31796
7100 31756
7100 31756
7100 31756
7100 31772
7100 31756
7100 31528
7100 31752
7100 31756
7100 31768
7100 31808
7100 31800
7100 31760
7100 31752
7100 31756
7100 31756
7100 31804
7100 31808
7100 31808
7100 31752
7100 31756
7100 31752
7100 31760
7100 31756
7100 31756
7100 31756
7100 31756
7100 31756
7100 31756
7100 31760
7100 31856
7100 31808
7100 31804
7100 31796
7100 31760
7100 31752
7100 31756
7100 31760
7100 31776
7100 31764
7100 31772
7100 31804
7100 31796
7100 31808
7100 31800
7100 31808
7100 31756
7100 31808
7100 31812
7100 31756
7200 31796
7200 31796
7200 31856
7200 31804
7200 31772
7200 31804
7200 31756
7200 31760
7200 31808
7200 31800
7200 31808
7200 31804
7200 31756
7200 31756
7200 31800
7200 31804
7200 31760
7200 31804
7200 31760
7200 31808
7200 31808
7200 31756
7200 31756
7200 31820
7200 31756
7200 31808
7200 31764
7200 31760
7200 31800
7200 31792
7200 31756
7200 31784
7200 31800
7200 31764
7200 31756
7200 31756
7200 31772
7200 31784
7200 31808
7200 31768
7200 31808
7200 31848
7200 31848
7200 31760
7200 31804
7200 31756
7200 31808
7200 31756
7200 31764
7200 31756
7200 31796
7200 31756
7200 31756
7200 31756
7200 31772
7200 31756
7200 31756
7200 31116
7200 31756
7200 31768
7200 31808
7200 31800
7200 31760
7200 31752
7200 31756
7200 31756
7200 31804
7200 31808
7200 31808
7200 31752
7200 31756
7200 31752
7200 31760
7200 31756
7200 31756
7200 31756
7200 31756
7200 31756
7200 31756
7200 31760
7200 31856
7200 31808
7200 31804
7200 31796
7200 31760
7200 31752
7200 31756
7200 31760
7200 31776
7200 31764
7200 31772
7200 31804
7200 31796
7200 31808
7200 31800
7200 31808
7200 31756
7200 31808
7200 31812
7200 31756
7300 31796
7300 31796
7300 31856
7300 31804
7300 31772
7300 31804
7300 31756
7300 31760
7300 31808
7300 31800
7300 31808
7300 31804
7300 31756
7300 31756
7300 31800
7300 31804
7300 31760
7300 31804
7300 31760
7300 31808
7300 31808
7300 31756
7300 31756
7300 31820
7300 31756
7300 31808
7300 31764
7300 31760
7300 31800
7300 31792
7300 31756
7300 31784
7300 31800
7300 31764
7300 31756
7300 31756
7300 31772
7300 31820
7300 31808
7300 31768
7300 31808
7300 31848
7300 31848
7300 31808
7300 31804
7300 31756
7300 31808
7300 31756
7300 31764
7300 31756
7300 31796
7300 31756
7300 31756
7300 31756
7300 31772
7300 31756
7300 31756
7300 31756
7300 31756
7300 31768
7300 31808
7300 31800
7300 31760
7300 31364
7300 31756
7300 31808
7300 31804
7300 31808
7300 31808
7300 31752
7300 31756
7300 31800
7300 31760
7300 31756
7300 31756
7300 31756
7300 31756
7300 31756
7300 31756
7300 31760
7300 31856
7300 31808
7300 31804
7300 31796
7300 31760
7300 31752
7300 31756
7300 31760
7300 31776
7300 31764
7300 31772
7300 31804
7300 31796
7300 31808
7300 31800
7300 31808
7300 31756
7300 31808
7300 31812
7300 31756
7400 31796
7400 31796
7400 31856
7400 31804
7400 31772
7400 31804
7400 31372
7400 31760
7400 31808
7400 31800
7400 31808
7400 31804
7400 31756
7400 31756
7400 31800
7400 31804
7400 31760
7400 31804
7400 31760
7400 31808
7400 31808
7400 31756
7400 31756
7400 31820
7400 31756
7400 31808
7400 31764
7400 31760
7400 31800
7400 31792
7400 31756
7400 31784
7400 31800
7400 31764
7400 31804
7400 31756
7400 31772
7400 31820
7400 31808
7400 31768
7400 31808
7400 31848
7400 31848
7400 31808
7400 31804
7400 31756
7400 31808
7400 31756
7400 31764
7400 31756
7400 31796
7400 31808
7400 31756
7400 31756
7400 31772
7400 31756
7400 31756
7400 31756
7400 31808
7400 31768
7400 31808
7400 31800
7400 31760
7400 31756
7400 31756
7400 31808
7400 31804
7400 31808
7400 31808
7400 31756
7400 31756
7400 31800
7400 31760
7400 31756
7400 31756
7400 31756
7400 31756
7400 31756
7400 31756
7400 31760
7400 31856
7400 31808
7400 31804
7400 31796
7400 31760
7400 31760
7400 31756
7400 31760
7400 31776
7400 31764
7400 31772
7400 31804
7400 31796
7400 31808
7400 31800
7400 31808
7400 31756
7400 31808
7400 31812
7400 31756
