0 10027
0 10038
0 9931
0 10021
0 9996
0 10057
0 9971
0 10062
0 10031
0 9991
0 10005
0 9985
0 9956
0 10060
0 9880
0 9993
0 10001
0 9923
0 10152
0 9935
0 9962
0 9909
0 9999
0 10034
0 10126
0 10116
0 9825
0 10045
0 10028
0 10025
0 9988
0 10060
0 10075
0 10184
0 9993
0 10174
0 10025
0 10064
0 9881
0 9976
0 10077
0 9944
0 9820
0 10011
0 10001
0 9967
0 9966
0 9931
0 10053
0 9858
0 10092
0 10010
0 9976
0 9834
0 10019
0 10049
0 10003
0 10008
0 10044
0 10022
0 9929
0 9856
0 9996
0 9940
0 9955
0 10100
0 10057
0 9885
0 10077
0 10029
0 9913
0 10091
0 9998
0 10041
0 10032
0 9969
0 10032
0 9969
0 10032
0 10043
0 9986
0 10004
0 9837
0 10022
0 9896
0 9917
0 9974
0 10025
0 10023
0 9971
0 10016
0 9903
0 9950
0 9931
0 9892
0 9882
0 9959
0 9958
0 9976
0 10009
100 13118
100 10038
100 9931
100 10021
100 13112
100 13212
100 13211
100 10062
100 10031
100 9991
100 10005
100 9985
100 13161
100 10060
100 9880
100 9993
100 10001
100 9923
100 10152
100 9935
100 9962
100 9909
100 13170
100 10034
100 13193
100 10116
100 13199
100 13174
100 10028
100 10025
100 9988
100 13140
100 10075
100 10184
100 9993
100 10174
100 10025
100 10064
100 13147
100 9976
100 13116
100 13150
100 13199
100 13220
100 10001
100 9967
100 13145
100 13202
100 13206
100 13197
100 10092
100 13197
100 9976
100 13196
100 10019
100 10049
100 10003
100 10008
100 10044
100 10022
100 9929
100 13220
100 9996
100 9940
100 9955
100 10100
100 10057
100 13197
100 10077
100 13161
100 13224
100 10091
100 13134
100 13172
100 10032
100 9969
100 10032
100 9969
100 10032
100 13209
100 9986
100 10004
100 13197
100 13199
100 9896
100 13128
100 9974
100 10025
100 10023
100 13122
100 13174
100 9903
100 9950
100 13156
100 9892
100 13192
100 13197
100 9958
100 9976
100 10009
200 13196
200 10038
200 13199
200 10021
200 13162
200 13218
200 13222
200 10062
200 10031
200 9991
200 10005
200 9985
200 13168
200 10060
200 13205
200 9993
200 13222
200 13142
200 10152
200 9935
200 9962
200 13170
200 13191
200 10034
200 13222
200 13219
200 13224
200 13212
200 10028
200 10025
200 9988
200 13143
200 10075
200 10184
200 9993
200 10174
200 13174
200 10064
200 13230
200 9976
200 13141
200 13226
200 13215
200 13222
200 13213
200 9967
200 13146
200 13202
200 13216
200 13207
200 10092
200 13202
200 9976
200 13224
200 10019
200 10049
200 10003
200 10008
200 10044
200 10022
200 13216
200 13232
200 9996
200 9940
200 9955
200 10100
200 10057
200 13207
200 10077
200 13168
200 13224
200 10091
200 13175
200 13185
200 10032
200 9969
200 10032
200 13136
200 10032
200 13226
200 9986
200 10004
200 13202
200 13226
200 13222
200 13176
200 9974
200 10025
200 10023
200 13132
200 13224
200 13152
200 9950
200 13170
200 13190
200 13194
200 13209
200 9958
200 9976
200 10009
300 13223
300 10038
300 13229
300 10021
300 13222
300 13228
300 13222
300 10062
300 10031
300 13214
300 10005
300 13219
300 13203
300 10060
300 13213
300 13225
300 13222
300 13142
300 10152
300 13222
300 13230
300 13185
300 13192
300 10034
300 13222
300 13223
300 13227
300 13213
300 10028
300 10025
300 13225
300 13226
300 10075
300 10184
300 9993
300 10174
300 13174
300 13183
300 13230
300 13183
300 13178
300 13234
300 13229
300 13222
300 13223
300 13203
300 13152
300 13203
300 13216
300 13218
300 10092
300 13221
300 13199
300 13225
300 10019
300 10049
300 13224
300 10008
300 10044
300 13222
300 13226
300 13241
300 9996
300 13226
300 13142
300 10100
300 10057
300 13208
300 10077
300 13203
300 13227
300 10091
300 13198
300 13185
300 10032
300 13222
300 10032
300 13136
300 10032
300 13226
300 13214
300 10004
300 13223
300 13232
300 13228
300 13184
300 13226
300 10025
300 10023
300 13232
300 13224
300 13152
300 13191
300 13219
300 13203
300 13221
300 13218
300 13217
300 13214
300 10009
400 13236
400 13200
400 13231
400 13218
400 13238
400 13228
400 13222
400 10062
400 13207
400 13228
400 13222
400 13219
400 13205
400 10060
400 13215
400 13225
400 13222
400 13155
400 10152
400 13226
400 13233
400 13185
400 13192
400 13208
400 13222
400 13224
400 13227
400 13227
400 13219
400 13242
400 13231
400 13226
400 13193
400 10184
400 13218
400 13225
400 13186
400 13194
400 13230
400 13218
400 13209
400 13234
400 13229
400 13227
400 13241
400 13203
400 13221
400 13203
400 13234
400 13227
400 13172
400 13223
400 13216
400 13225
400 13228
400 13166
400 13224
400 13195
400 13214
400 13231
400 13229
400 13241
400 13221
400 13226
400 13146
400 10100
400 10057
400 13227
400 13156
400 13203
400 13228
400 13215
400 13198
400 13222
400 13210
400 13228
400 13211
400 13234
400 13190
400 13234
400 13219
400 13230
400 13223
400 13235
400 13231
400 13184
400 13229
400 13217
400 13219
400 13240
400 13224
400 13232
400 13229
400 13219
400 13221
400 13224
400 13218
400 13220
400 13218
400 13197
500 13236
500 13227
500 13235
500 13218
500 13240
500 13228
500 13222
500 13231
500 13213
500 13229
500 13222
500 13219
500 13232
500 13241
500 13225
500 13225
500 13224
500 13226
500 13234
500 13226
500 13243
500 13239
500 13214
500 13223
500 13224
500 13226
500 13227
500 13231
500 13219
500 13242
500 13237
500 13240
500 13225
500 13212
500 13218
500 13225
500 13221
500 13226
500 13241
500 13218
500 13219
500 13234
500 13229
500 13227
500 13242
500 13203
500 13234
500 13203
500 13236
500 13227
500 13215
500 13223
500 13217
500 13225
500 13231
500 13218
500 13224
500 13228
500 13233
500 13231
500 13236
500 13241
500 13231
500 13235
500 13227
500 13215
500 13216
500 13231
500 13235
500 13203
500 13233
500 13232
500 13223
500 13222
500 13210
500 13228
500 13216
500 13236
500 13231
500 13236
500 13230
500 13230
500 13223
500 13235
500 13231
500 13215
500 13229
500 13217
500 13220
500 13240
500 13231
500 13244
500 13238
500 13221
500 13233
500 13239
500 13224
500 13228
500 13236
500 13221
600 13236
600 13234
600 13237
600 13227
600 13240
600 13236
600 13231
600 13231
600 13228
600 13229
600 13238
600 13235
600 13232
600 13241
600 13225
600 13237
600 13236
600 13242
600 13238
600 13228
600 13244
600 13239
600 13235
600 13223
600 13232
600 13231
600 13227
600 13231
600 13224
600 13242
600 13238
600 13241
600 13232
600 13228
600 13232
600 13225
600 13222
600 13226
600 13242
600 13224
600 13229
600 13234
600 13235
600 13228
600 13243
600 13238
600 13234
600 13232
600 13236
600 13231
600 13240
600 13241
600 13222
600 13225
600 13241
600 13240
600 13228
600 13229
600 13233
600 13232
600 13237
600 13241
600 13232
600 13235
600 13239
600 13227
600 13224
600 13254
600 13235
600 13230
600 13233
600 13232
600 13223
600 13222
600 13223
600 13239
600 13229
600 13240
600 13231
600 13241
600 13235
600 13242
600 13223
600 13243
600 13236
600 13211
600 13243
600 13223
600 13220
600 13244
600 13231
600 13244
600 13239
600 13221
600 13233
600 13239
600 13224
600 13231
600 13236
600 13230
700 13237
700 13236
700 13243
700 13238
700 13241
700 13243
700 13231
700 13231
700 13229
700 13231
700 13244
700 13235
700 13239
700 13241
700 13229
700 13240
700 13236
700 13242
700 13239
700 13236
700 13244
700 13242
700 13235
700 13242
700 13232
700 13231
700 13231
700 13231
700 13228
700 13242
700 13245
700 13241
700 13239
700 13230
700 13232
700 13244
700 13236
700 13233
700 13245
700 13228
700 13236
700 13238
700 13235
700 13228
700 13243
700 13240
700 13237
700 13236
700 13236
700 13238
700 13240
700 13241
700 13238
700 13237
700 13241
700 13240
700 13228
700 13229
700 13233
700 13232
700 13240
700 13241
700 13233
700 13237
700 13239
700 13233
700 13238
700 13254
700 13235
700 13238
700 13243
700 13252
700 13230
700 13230
700 13235
700 13239
700 13236
700 13243
700 13233
700 13241
700 13235
700 13251
700 13238
700 13243
700 13243
700 13228
700 13243
700 13230
700 13242
700 13245
700 13244
700 13244
700 13239
700 13234
700 13238
700 13239
700 13229
700 13231
700 13236
700 13233
800 13243
800 13243
800 13243
800 13242
800 13241
800 13243
800 13241
800 13237
800 13236
800 13240
800 13244
800 13235
800 13242
800 13242
800 13239
800 13240
800 13241
800 13242
800 13239
800 13236
800 13244
800 13242
800 13244
800 13242
800 13240
800 13241
800 13235
800 13235
800 13237
800 13243
800 13245
800 13241
800 13239
800 13237
800 13239
800 13247
800 13248
800 13236
800 13245
800 13234
800 13237
800 13238
800 13235
800 13236
800 13243
800 13240
800 13238
800 13236
800 13241
800 13238
800 13240
800 13251
800 13238
800 13237
800 13241
800 13240
800 13244
800 13243
800 13235
800 13240
800 13258
800 13241
800 13249
800 13240
800 13245
800 13242
800 13238
800 13255
800 13235
800 13250
800 13243
800 13252
800 13235
800 13235
800 13235
800 13239
800 13236
800 13245
800 13238
800 13241
800 13245
800 13251
800 13255
800 13243
800 13243
800 13237
800 13243
800 13241
800 13242
800 13245
800 13244
800 13244
800 13239
800 13238
800 13238
800 13243
800 13237
800 13236
800 13236
800 13249
900 13243
900 13243
900 13243
900 13242
900 13244
900 13243
900 13241
900 13238
900 13239
900 13241
900 13248
900 13243
900 13242
900 13242
900 13239
900 13242
900 13241
900 13245
900 13240
900 13246
900 13245
900 13242
900 13253
900 13242
900 13240
900 13241
900 13238
900 13244
900 13243
900 13243
900 13252
900 13241
900 13239
900 13241
900 13244
900 13247
900 13248
900 13241
900 13248
900 13241
900 13248
900 13254
900 13241
900 13243
900 13243
900 13240
900 13242
900 13252
900 13241
900 13240
900 13241
900 13251
900 13241
900 13238
900 13241
900 13242
900 13244
900 13243
900 13240
900 13240
900 13258
900 13244
900 13249
900 13240
900 13245
900 13242
900 13238
900 13257
900 13240
900 13253
900 13244
900 13264
900 13244
900 13240
900 13232
900 13239
900 13237
900 13245
900 13244
900 13241
900 13245
900 13251
900 13255
900 13243
900 13243
900 13237
900 13243
900 13241
900 13242
900 13245
900 13244
900 13248
900 13239
900 13238
900 13255
900 13243
900 13237
900 13239
900 13246
900 13249
1000 13248
1000 13252
1000 13243
1000 13247
1000 13245
1000 13243
1000 13257
1000 13242
1000 13244
1000 13242
1000 13248
1000 13243
1000 13243
1000 13242
1000 13242
1000 13247
1000 13254
1000 13245
1000 13258
1000 13246
1000 13245
1000 13242
1000 13256
1000 13242
1000 13242
1000 13245
1000 13243
1000 13244
1000 13243
1000 13243
1000 13254
1000 13242
1000 13243
1000 13243
1000 13246
1000 13247
1000 13248
1000 13243
1000 13248
1000 13245
1000 13248
1000 13254
1000 13248
1000 13243
1000 13244
1000 13255
1000 13242
1000 13258
1000 13242
1000 13244
1000 13230
1000 13252
1000 13241
1000 13244
1000 13246
1000 13242
1000 13244
1000 13244
1000 13245
1000 13263
1000 13258
1000 13244
1000 13254
1000 13243
1000 13245
1000 13246
1000 13241
1000 13258
1000 13245
1000 13253
1000 13244
1000 13264
1000 13245
1000 13246
1000 13244
1000 13245
1000 13247
1000 13248
1000 13244
1000 13241
1000 13245
1000 13251
1000 13255
1000 13243
1000 13243
1000 13255
1000 13243
1000 13241
1000 13242
1000 13245
1000 13244
1000 13248
1000 13242
1000 13258
1000 13258
1000 13243
1000 13245
1000 13242
1000 13248
1000 13249
1100 13248
1100 13258
1100 13243
1100 13247
1100 13245
1100 13243
1100 13258
1100 13267
1100 13253
1100 13247
1100 13248
1100 13243
1100 13245
1100 13250
1100 13245
1100 13247
1100 13254
1100 13245
1100 13258
1100 13246
1100 13245
1100 13248
1100 13256
1100 13244
1100 13243
1100 13258
1100 13264
1100 13255
1100 13256
1100 13248
1100 13254
1100 13245
1100 13243
1100 13243
1100 13248
1100 13247
1100 13250
1100 13255
1100 13248
1100 13251
1100 13248
1100 13254
1100 13248
1100 13243
1100 13244
1100 13255
1100 13244
1100 13258
1100 13253
1100 13245
1100 13244
1100 13255
1100 13243
1100 13245
1100 13246
1100 13252
1100 13244
1100 13265
1100 13245
1100 13270
1100 13258
1100 13244
1100 13258
1100 13243
1100 13264
1100 13246
1100 13253
1100 13260
1100 13247
1100 13253
1100 13249
1100 13267
1100 13253
1100 13246
1100 13246
1100 13254
1100 13247
1100 13248
1100 13244
1100 13247
1100 13258
1100 13251
1100 13262
1100 13243
1100 13243
1100 13258
1100 13244
1100 13243
1100 13242
1100 13255
1100 13244
1100 13248
1100 13242
1100 13258
1100 13258
1100 13243
1100 13248
1100 13244
1100 13248
1100 13252
1200 13256
1200 13258
1200 13246
1200 13256
1200 13263
1200 13246
1200 13258
1200 13267
1200 13253
1200 13247
1200 13248
1200 13248
1200 13249
1200 13251
1200 13257
1200 13247
1200 13260
1200 13246
1200 13258
1200 13246
1200 13255
1200 13248
1200 13256
1200 13251
1200 13247
1200 13258
1200 13267
1200 13255
1200 13256
1200 13248
1200 13255
1200 13256
1200 13255
1200 13263
1200 13248
1200 13247
1200 13250
1200 13264
1200 13257
1200 13256
1200 13248
1200 13254
1200 13248
1200 13251
1200 13245
1200 13255
1200 13248
1200 13259
1200 13258
1200 13248
1200 13257
1200 13255
1200 13246
1200 13245
1200 13254
1200 13253
1200 13251
1200 13265
1200 13254
1200 13270
1200 13264
1200 13250
1200 13261
1200 13245
1200 13264
1200 13247
1200 13253
1200 13260
1200 13260
1200 13255
1200 13249
1200 13267
1200 13253
1200 13248
1200 13246
1200 13265
1200 13248
1200 13248
1200 13245
1200 13255
1200 13258
1200 13251
1200 13265
1200 13254
1200 13255
1200 13258
1200 13253
1200 13255
1200 13247
1200 13255
1200 13263
1200 13248
1200 13255
1200 13258
1200 13258
1200 13248
1200 13248
1200 13258
1200 13253
1200 13255
1300 13259
1300 13258
1300 13253
1300 13259
1300 13264
1300 13259
1300 13258
1300 13267
1300 13259
1300 13258
1300 13254
1300 13265
1300 13250
1300 13253
1300 13257
1300 13254
1300 13260
1300 13254
1300 13258
1300 13259
1300 13255
1300 13252
1300 13258
1300 13251
1300 13248
1300 13259
1300 13267
1300 13255
1300 13256
1300 13268
1300 13266
1300 13256
1300 13255
1300 13267
1300 13248
1300 13250
1300 13250
1300 13264
1300 13257
1300 13256
1300 13248
1300 13254
1300 13248
1300 13251
1300 13259
1300 13259
1300 13248
1300 13259
1300 13258
1300 13248
1300 13257
1300 13256
1300 13260
1300 13262
1300 13254
1300 13262
1300 13251
1300 13267
1300 13254
1300 13270
1300 13264
1300 13253
1300 13262
1300 13258
1300 13266
1300 13251
1300 13253
1300 13260
1300 13260
1300 13267
1300 13249
1300 13268
1300 13253
1300 13258
1300 13258
1300 13268
1300 13249
1300 13248
1300 13259
1300 13255
1300 13258
1300 13253
1300 13268
1300 13254
1300 13255
1300 13258
1300 13260
1300 13268
1300 13249
1300 13255
1300 13263
1300 13258
1300 13257
1300 13268
1300 13258
1300 13248
1300 13252
1300 13260
1300 13258
1300 13255
