0 5985
0 5801
0 5909
0 5890
0 5860
0 5912
0 5841
0 5899
0 5893
0 5920
0 5760
0 6027
0 5922
0 5809
0 5835
0 5895
0 5879
0 5817
0 5859
0 5889
0 5911
0 5930
0 5869
0 5839
0 5865
0 5872
0 5894
0 5949
0 5818
0 5853
0 5907
0 5875
0 5943
0 5821
0 5931
0 5946
0 5936
0 5930
0 5900
0 5903
0 5858
0 5886
0 5922
0 5927
0 5886
0 5851
0 5862
0 5813
0 5946
0 5859
0 5880
0 5821
0 5798
0 5884
0 5924
0 5886
0 5881
0 5913
0 5909
0 5873
0 5896
0 5834
0 5756
0 5901
0 5855
0 5841
0 5861
0 5872
0 5890
0 5938
0 5748
0 5891
0 5934
0 5785
0 5813
0 5880
0 5912
0 5837
0 6002
0 5895
0 5820
0 5919
0 5917
0 5900
0 5803
0 5866
0 5896
0 5859
0 5799
0 5856
0 5800
0 5843
0 5905
0 5869
0 5945
0 5924
0 5955
0 5945
0 5927
0 5920
100 5985
100 7558
100 5909
100 7585
100 7588
100 5912
100 5841
100 5899
100 7556
100 5920
100 7556
100 7581
100 5922
100 5809
100 7588
100 5895
100 5879
100 7585
100 5859
100 5889
100 5911
100 5930
100 5869
100 5839
100 5865
100 5872
100 5894
100 7555
100 5818
100 5853
100 7547
100 5875
100 7584
100 5821
100 7579
100 5946
100 5936
100 5930
100 7581
100 5903
100 5858
100 5886
100 7568
100 5927
100 7556
100 7569
100 5862
100 5813
100 7557
100 5859
100 7579
100 5821
100 7566
100 5884
100 5924
100 7573
100 7566
100 5913
100 5909
100 7582
100 5896
100 5834
100 7580
100 7575
100 7592
100 5841
100 5861
100 5872
100 7564
100 5938
100 7572
100 5891
100 5934
100 7580
100 7566
100 5880
100 5912
100 5837
100 6002
100 5895
100 5820
100 7591
100 5917
100 5900
100 5803
100 5866
100 5896
100 5859
100 5799
100 5856
100 5800
100 5843
100 7592
100 7595
100 7590
100 5924
100 5955
100 5945
100 7601
100 5920
200 5985
200 7581
200 7566
200 7585
200 7600
200 5912
200 5841
200 7580
200 7570
200 5920
200 7601
200 7584
200 5922
200 7584
200 7616
200 5895
200 5879
200 7585
200 5859
200 7552
200 5911
200 7564
200 5869
200 5839
200 5865
200 7563
200 5894
200 7586
200 7584
200 7572
200 7559
200 5875
200 7598
200 7555
200 7582
200 5946
200 5936
200 7574
200 7586
200 5903
200 5858
200 5886
200 7573
200 5927
200 7571
200 7571
200 7598
200 7578
200 7567
200 5859
200 7580
200 5821
200 7593
200 5884
200 5924
200 7586
200 7585
200 5913
200 5909
200 7594
200 5896
200 7579
200 7580
200 7609
200 7601
200 5841
200 5861
200 7584
200 7579
200 5938
200 7583
200 5891
200 5934
200 7582
200 7592
200 5880
200 5912
200 5837
200 7585
200 7561
200 7584
200 7591
200 5917
200 5900
200 7577
200 5866
200 7587
200 5859
200 7590
200 5856
200 7587
200 5843
200 7598
200 7595
200 7590
200 5924
200 5955
200 5945
200 7603
200 5920
300 5985
300 7581
300 7591
300 7596
300 7600
300 5912
300 7591
300 7592
300 7600
300 5920
300 7621
300 7590
300 5922
300 7584
300 7623
300 5895
300 7579
300 7592
300 7586
300 7590
300 5911
300 7578
300 7587
300 7593
300 7572
300 7571
300 7592
300 7597
300 7590
300 7572
300 7573
300 7585
300 7598
300 7567
300 7592
300 7567
300 5936
300 7574
300 7586
300 5903
300 7583
300 5886
300 7580
300 7606
300 7579
300 7571
300 7598
300 7588
300 7619
300 7577
300 7581
300 7583
300 7593
300 7544
300 7621
300 7586
300 7597
300 5913
300 5909
300 7594
300 5896
300 7579
300 7580
300 7609
300 7630
300 7595
300 7594
300 7584
300 7595
300 5938
300 7591
300 5891
300 5934
300 7587
300 7594
300 7587
300 5912
300 7608
300 7596
300 7573
300 7584
300 7591
300 5917
300 5900
300 7577
300 7620
300 7591
300 7606
300 7599
300 7583
300 7591
300 7597
300 7598
300 7596
300 7595
300 5924
300 5955
300 7592
300 7603
300 5920
400 5985
400 7612
400 7591
400 7596
400 7601
400 7597
400 7591
400 7599
400 7600
400 7586
400 7621
400 7619
400 7582
400 7601
400 7627
400 7581
400 7597
400 7592
400 7616
400 7621
400 7587
400 7602
400 7587
400 7593
400 7598
400 7577
400 7593
400 7597
400 7590
400 7612
400 7589
400 7599
400 7598
400 7567
400 7607
400 7576
400 7588
400 7597
400 7586
400 7597
400 7583
400 7589
400 7596
400 7618
400 7579
400 7575
400 7598
400 7593
400 7620
400 7592
400 7603
400 7583
400 7623
400 7569
400 7621
400 7590
400 7602
400 7619
400 7570
400 7612
400 7599
400 7588
400 7597
400 7609
400 7630
400 7597
400 7594
400 7584
400 7598
400 7600
400 7609
400 7577
400 7591
400 7597
400 7594
400 7591
400 7589
400 7619
400 7600
400 7578
400 7586
400 7591
400 7565
400 7593
400 7577
400 7620
400 7591
400 7620
400 7599
400 7601
400 7598
400 7603
400 7598
400 7596
400 7595
400 7589
400 7576
400 7592
400 7603
400 7585
500 7593
500 7612
500 7615
500 7618
500 7622
500 7599
500 7591
500 7617
500 7600
500 7587
500 7621
500 7619
500 7607
500 7601
500 7627
500 7594
500 7597
500 7592
500 7618
500 7643
500 7587
500 7602
500 7591
500 7612
500 7598
500 7628
500 7593
500 7610
500 7592
500 7618
500 7589
500 7611
500 7600
500 7606
500 7607
500 7592
500 7589
500 7610
500 7638
500 7600
500 7591
500 7589
500 7596
500 7618
500 7601
500 7589
500 7598
500 7593
500 7625
500 7592
500 7603
500 7593
500 7623
500 7609
500 7621
500 7590
500 7620
500 7619
500 7593
500 7612
500 7620
500 7609
500 7597
500 7609
500 7633
500 7597
500 7594
500 7590
500 7598
500 7611
500 7609
500 7588
500 7607
500 7612
500 7594
500 7630
500 7594
500 7625
500 7617
500 7588
500 7599
500 7623
500 7590
500 7596
500 7590
500 7623
500 7600
500 7621
500 7618
500 7635
500 7598
500 7628
500 7598
500 7605
500 7603
500 7593
500 7619
500 7592
500 7614
500 7586
600 7601
600 7612
600 7615
600 7618
600 7626
600 7617
600 7600
600 7617
600 7600
600 7619
600 7621
600 7627
600 7607
600 7601
600 7627
600 7628
600 7612
600 7595
600 7621
600 7643
600 7619
600 7602
600 7605
600 7612
600 7610
600 7633
600 7599
600 7629
600 7613
600 7620
600 7599
600 7611
600 7626
600 7606
600 7607
600 7627
600 7614
600 7617
600 7642
600 7600
600 7611
600 7608
600 7596
600 7623
600 7601
600 7628
600 7598
600 7611
600 7640
600 7615
600 7629
600 7610
600 7623
600 7620
600 7629
600 7618
600 7629
600 7619
600 7598
600 7612
600 7630
600 7625
600 7601
600 7609
600 7633
600 7605
600 7611
600 7604
600 7600
600 7612
600 7609
600 7596
600 7607
600 7614
600 7605
600 7630
600 7642
600 7625
600 7620
600 7620
600 7631
600 7623
600 7603
600 7598
600 7605
600 7623
600 7600
600 7621
600 7618
600 7645
600 7598
600 7628
600 7598
600 7605
600 7640
600 7607
600 7619
600 7615
600 7628
600 7597
700 7627
700 7615
700 7615
700 7635
700 7635
700 7617
700 7617
700 7618
700 7624
700 7642
700 7621
700 7627
700 7611
700 7610
700 7627
700 7628
700 7612
700 7619
700 7621
700 7643
700 7619
700 7623
700 7614
700 7622
700 7610
700 7633
700 7609
700 7629
700 7618
700 7625
700 7607
700 7620
700 7626
700 7606
700 7607
700 7627
700 7616
700 7619
700 7647
700 7608
700 7623
700 7615
700 7643
700 7623
700 7613
700 7632
700 7606
700 7613
700 7640
700 7615
700 7641
700 7610
700 7623
700 7626
700 7634
700 7621
700 7629
700 7619
700 7614
700 7625
700 7630
700 7625
700 7616
700 7618
700 7633
700 7606
700 7611
700 7629
700 7613
700 7628
700 7609
700 7624
700 7607
700 7614
700 7612
700 7631
700 7642
700 7625
700 7620
700 7621
700 7631
700 7623
700 7628
700 7621
700 7606
700 7625
700 7607
700 7621
700 7618
700 7646
700 7626
700 7628
700 7630
700 7614
700 7640
700 7621
700 7619
700 7615
700 7628
700 7608
800 7627
800 7617
800 7618
800 7635
800 7635
800 7622
800 7630
800 7636
800 7628
800 7642
800 7621
800 7627
800 7620
800 7626
800 7635
800 7629
800 7618
800 7619
800 7621
800 7643
800 7626
800 7623
800 7625
800 7622
800 7624
800 7633
800 7622
800 7629
800 7618
800 7629
800 7604
800 7620
800 7626
800 7615
800 7615
800 7631
800 7627
800 7625
800 7647
800 7631
800 7623
800 7615
800 7643
800 7625
800 7627
800 7640
800 7624
800 7621
800 7641
800 7641
800 7648
800 7614
800 7631
800 7626
800 7637
800 7627
800 7636
800 7642
800 7633
800 7625
800 7630
800 7625
800 7623
800 7618
800 7636
800 7625
800 7613
800 7629
800 7613
800 7628
800 7620
800 7632
800 7626
800 7624
800 7616
800 7631
800 7643
800 7625
800 7635
800 7621
800 7631
800 7623
800 7629
800 7621
800 7616
800 7625
800 7624
800 7621
800 7618
800 7646
800 7626
800 7628
800 7630
800 7615
800 7640
800 7635
800 7625
800 7618
800 7628
800 7622
900 7634
900 7622
900 7623
900 7635
900 7635
900 7626
900 7630
900 7636
900 7629
900 7644
900 7624
900 7647
900 7623
900 7650
900 7638
900 7629
900 7643
900 7634
900 7655
900 7643
900 7626
900 7623
900 7625
900 7622
900 7635
900 7633
900 7622
900 7629
900 7635
900 7629
900 7624
900 7631
900 7649
900 7622
900 7633
900 7631
900 7635
900 7644
900 7647
900 7631
900 7623
900 7637
900 7643
900 7625
900 7627
900 7641
900 7624
900 7631
900 7644
900 7641
900 7648
900 7643
900 7631
900 7628
900 7637
900 7627
900 7636
900 7642
900 7633
900 7625
900 7630
900 7625
900 7623
900 7624
900 7636
900 7628
900 7636
900 7629
900 7628
900 7628
900 7626
900 7637
900 7626
900 7629
900 7626
900 7631
900 7643
900 7625
900 7635
900 7631
900 7636
900 7625
900 7629
900 7621
900 7637
900 7625
900 7624
900 7636
900 7622
900 7650
900 7628
900 7628
900 7630
900 7622
900 7640
900 7635
900 7631
900 7650
900 7630
900 7622
1000 7637
1000 7627
1000 7632
1000 7637
1000 7635
1000 7626
1000 7630
1000 7636
1000 7629
1000 7651
1000 7631
1000 7653
1000 7644
1000 7650
1000 7638
1000 7630
1000 7643
1000 7634
1000 7655
1000 7647
1000 7626
1000 7642
1000 7626
1000 7626
1000 7635
1000 7634
1000 7629
1000 7644
1000 7635
1000 7644
1000 7630
1000 7631
1000 7650
1000 7642
1000 7633
1000 7635
1000 7635
1000 7644
1000 7647
1000 7631
1000 7642
1000 7637
1000 7646
1000 7627
1000 7627
1000 7641
1000 7630
1000 7631
1000 7644
1000 7641
1000 7648
1000 7643
1000 7638
1000 7628
1000 7637
1000 7644
1000 7636
1000 7642
1000 7633
1000 7628
1000 7630
1000 7629
1000 7635
1000 7636
1000 7636
1000 7628
1000 7636
1000 7631
1000 7629
1000 7630
1000 7632
1000 7638
1000 7635
1000 7629
1000 7635
1000 7634
1000 7643
1000 7637
1000 7635
1000 7635
1000 7637
1000 7625
1000 7648
1000 7627
1000 7637
1000 7625
1000 7627
1000 7641
1000 7629
1000 7656
1000 7632
1000 7645
1000 7633
1000 7636
1000 7640
1000 7640
1000 7631
1000 7650
1000 7630
1000 7641
