0 -95184
0 -91384
0 -86720
0 -89192
0 -89364
0 -91700
0 -94824
0 -93508
0 -95908
0 -92552
0 -89484
0 -89532
0 -87824
0 -86452
0 -88880
0 -88840
0 -88792
0 -89648
0 -87724
0 -93224
0 -90844
0 -88712
0 -88960
0 -94312
0 -89592
0 -91768
0 -90104
0 -90484
0 -91056
0 -93056
0 -87700
0 -89220
0 -92188
0 -90876
0 -92616
0 -90440
0 -91808
0 -88000
0 -87940
0 -89772
0 -90596
0 -90444
0 -86472
0 -96548
0 -95652
0 -88052
0 -84296
0 -93280
0 -92108
0 -92564
0 -89500
0 -94148
0 -87076
0 -94700
0 -94016
0 -95360
0 -87512
0 -90260
0 -90060
0 -91904
0 -89864
0 -91600
0 -84056
0 -94784
0 -87468
0 -95572
0 -93740
0 -85964
0 -92992
0 -95888
0 -89320
0 -90616
0 -90528
0 -91244
0 -96564
0 -88752
0 -90412
0 -91068
0 -90140
0 -88288
0 -87956
0 -96732
0 -87408
0 -87840
0 -89752
0 -91256
0 -91856
0 -90752
0 -91804
0 -88784
0 -94032
0 -88556
0 -84592
0 -90756
0 -89708
0 -89584
0 -89496
0 -91288
0 -90696
0 -92852
500 30652
500 31092
500 30856
500 30956
500 31300
500 31428
500 31100
500 31076
500 30668
500 31016
500 30596
500 30928
500 30588
500 30580
500 31316
500 30944
500 31000
500 31044
500 31260
500 30860
500 30920
500 31168
500 31164
500 30644
500 31548
500 31280
500 30508
500 30868
500 30872
500 31400
500 30616
500 30700
500 30964
500 30804
500 30620
500 30596
500 30764
500 31260
500 30496
500 31092
500 31280
500 30768
500 30560
500 31368
500 30756
500 31264
500 30604
500 30896
500 31260
500 31140
500 30676
500 30992
500 30508
500 31260
500 30960
500 31300
500 31020
500 31244
500 30712
500 31204
500 31032
500 31164
500 31192
500 30912
500 30684
500 30916
500 30496
500 30500
500 30464
500 31008
500 31012
500 30760
500 31028
500 30804
500 30756
500 31188
500 30776
500 31156
500 30984
500 30560
500 30644
500 31116
500 31044
500 31372
500 30784
500 31596
500 30544
500 30692
500 31356
500 31080
500 30500
500 30556
500 31300
500 30920
500 31392
500 31464
500 30904
500 30704
500 30508
500 30652
1000 31360
1000 31248
1000 31600
1000 31200
1000 31300
1000 31476
1000 31356
1000 31476
1000 31204
1000 31564
1000 31360
1000 31164
1000 31432
1000 31564
1000 31316
1000 31264
1000 31252
1000 31312
1000 31564
1000 31204
1000 31536
1000 31216
1000 31220
1000 31512
1000 31552
1000 31280
1000 31400
1000 31412
1000 31348
1000 31596
1000 31536
1000 31240
1000 31300
1000 31340
1000 31364
1000 31532
1000 31292
1000 31260
1000 31552
1000 31448
1000 31480
1000 31452
1000 31264
1000 31404
1000 31452
1000 31352
1000 31180
1000 31404
1000 31260
1000 31276
1000 31364
1000 31164
1000 31236
1000 31308
1000 31408
1000 31400
1000 31324
1000 31304
1000 30704
1000 31304
1000 31168
1000 31212
1000 31240
1000 31356
1000 31352
1000 31432
1000 31548
1000 31332
1000 31312
1000 31500
1000 31308
1000 31184
1000 31404
1000 31260
1000 31464
1000 31452
1000 31288
1000 31156
1000 31400
1000 31368
1000 31316
1000 31152
1000 31260
1000 31456
1000 31480
1000 31596
1000 31288
1000 31384
1000 31452
1000 31316
1000 31208
1000 31252
1000 31396
1000 31312
1000 31392
1000 31464
1000 31252
1000 31492
1000 31252
1000 31336
1500 31504
1500 31408
1500 31600
1500 31548
1500 31548
1500 31512
1500 31400
1500 31548
1500 31424
1500 31564
1500 31436
1500 31400
1500 31504
1500 31600
1500 31448
1500 31548
1500 31384
1500 31424
1500 31648
1500 31408
1500 31536
1500 31516
1500 31452
1500 31564
1500 31552
1500 31380
1500 31564
1500 31412
1500 31492
1500 31596
1500 31536
1500 31440
1500 31396
1500 31468
1500 31380
1500 31532
1500 31392
1500 31464
1500 31552
1500 31448
1500 31544
1500 31460
1500 31488
1500 31480
1500 31500
1500 31476
1500 31504
1500 31536
1500 31540
1500 31404
1500 31196
1500 31456
1500 31444
1500 31404
1500 31516
1500 31496
1500 31372
1500 31400
1500 31400
1500 31444
1500 31452
1500 31564
1500 31500
1500 31408
1500 31460
1500 31564
1500 31596
1500 31404
1500 31396
1500 31500
1500 31548
1500 31468
1500 31452
1500 31424
1500 31552
1500 31452
1500 31396
1500 31368
1500 31484
1500 31544
1500 31496
1500 31456
1500 31508
1500 31456
1500 31480
1500 31596
1500 31600
1500 31384
1500 31500
1500 31516
1500 31504
1500 31516
1500 31400
1500 31548
1500 31416
1500 31516
1500 31364
1500 31492
1500 31412
1500 31584
2000 31600
2000 31516
2000 31600
2000 31640
2000 31648
2000 31512
2000 31500
2000 31548
2000 31480
2000 31564
2000 31492
2000 31492
2000 31504
2000 31600
2000 31528
2000 31548
2000 31484
2000 31596
2000 31648
2000 31536
2000 31564
2000 31516
2000 31564
2000 31564
2000 31552
2000 31500
2000 31600
2000 31400
2000 31600
2000 31596
2000 31536
2000 31500
2000 31536
2000 31600
2000 31464
2000 31544
2000 31464
2000 31500
2000 31564
2000 31552
2000 31544
2000 31460
2000 31540
2000 31536
2000 31548
2000 31476
2000 31504
2000 31536
2000 31540
2000 31504
2000 31548
2000 31552
2000 31496
2000 31460
2000 31516
2000 31556
2000 31504
2000 31484
2000 31552
2000 31552
2000 31456
2000 31600
2000 31500
2000 31500
2000 31652
2000 31612
2000 31596
2000 31536
2000 31468
2000 31552
2000 31548
2000 31504
2000 31552
2000 31536
2000 31552
2000 31500
2000 31472
2000 31488
2000 31484
2000 31544
2000 31536
2000 31652
2000 31600
2000 31456
2000 31628
2000 31596
2000 31600
2000 31600
2000 31500
2000 31616
2000 31648
2000 31516
2000 31488
2000 31548
2000 31496
2000 31552
2000 31552
2000 31492
2000 31500
2000 31584
2500 31648
2500 31556
2500 31600
2500 31640
2500 31648
2500 31548
2500 31548
2500 31604
2500 31516
2500 31564
2500 31596
2500 31540
2500 31564
2500 31600
2500 31616
2500 31548
2500 31540
2500 31596
2500 31700
2500 31536
2500 31564
2500 31552
2500 31564
2500 31648
2500 31552
2500 31556
2500 31600
2500 31552
2500 31600
2500 31596
2500 31536
2500 31648
2500 31536
2500 31600
2500 31552
2500 31544
2500 31600
2500 31516
2500 31564
2500 31596
2500 31592
2500 31600
2500 31600
2500 31548
2500 31548
2500 31560
2500 31600
2500 31552
2500 31604
2500 31600
2500 31548
2500 31552
2500 31516
2500 31608
2500 31564
2500 31604
2500 31536
2500 31548
2500 31552
2500 31600
2500 31532
2500 31600
2500 31652
2500 31600
2500 31652
2500 31612
2500 31596
2500 31536
2500 31536
2500 31648
2500 31548
2500 31568
2500 31652
2500 31600
2500 31600
2500 31264
2500 31652
2500 31548
2500 31576
2500 31552
2500 31600
2500 31700
2500 31600
2500 31604
2500 31664
2500 31596
2500 31600
2500 31600
2500 31600
2500 31616
2500 31648
2500 31552
2500 31532
2500 31548
2500 31584
2500 31600
2500 31600
2500 31592
2500 31516
2500 31584
3000 31648
3000 31556
3000 31600
3000 31640
3000 31648
3000 31600
3000 31564
3000 31700
3000 31560
3000 31564
3000 31604
3000 31612
3000 31612
3000 31600
3000 31616
3000 31592
3000 31656
3000 31596
3000 31700
3000 31596
3000 31568
3000 31616
3000 31616
3000 31652
3000 31564
3000 31644
3000 31600
3000 31552
3000 31600
3000 31596
3000 31556
3000 31648
3000 31664
3000 31600
3000 31616
3000 31648
3000 31600
3000 31616
3000 31564
3000 31648
3000 31608
3000 31600
3000 31600
3000 31648
3000 31652
3000 31560
3000 31600
3000 31552
3000 31604
3000 31600
3000 31652
3000 31600
3000 31588
3000 31744
3000 31564
3000 31652
3000 31608
3000 31552
3000 31552
3000 31648
3000 31652
3000 31600
3000 31652
3000 31600
3000 31652
3000 31612
3000 31596
3000 31652
3000 31556
3000 31648
3000 31600
3000 31664
3000 31700
3000 31600
3000 31604
3000 31556
3000 31652
3000 31568
3000 31576
3000 31604
3000 31600
3000 31700
3000 31600
3000 31656
3000 31664
3000 31596
3000 31600
3000 31600
3000 31600
3000 31616
3000 31648
3000 31552
3000 31640
3000 31552
3000 31600
3000 31612
3000 31600
3000 31592
3000 31616
3000 31584
3500 31700
3500 31664
3500 31600
3500 31640
3500 31648
3500 31600
3500 31600
3500 31700
3500 31716
3500 31600
3500 31604
3500 31612
3500 31612
3500 31600
3500 31664
3500 31600
3500 31656
3500 31596
3500 31700
3500 31700
3500 31652
3500 31616
3500 31616
3500 31652
3500 31600
3500 31644
3500 31600
3500 31592
3500 31600
3500 31604
3500 31600
3500 31648
3500 31664
3500 31600
3500 31616
3500 31648
3500 31600
3500 31652
3500 31648
3500 31696
3500 31744
3500 31600
3500 31652
3500 31648
3500 31704
3500 31652
3500 31600
3500 31652
3500 31652
3500 31600
3500 31652
3500 31700
3500 31384
3500 31744
3500 31616
3500 31652
3500 31608
3500 31648
3500 31648
3500 31648
3500 31652
3500 31600
3500 31652
3500 31600
3500 31652
3500 31612
3500 31596
3500 31652
3500 31616
3500 31648
3500 31604
3500 31664
3500 31700
3500 31600
3500 31604
3500 31596
3500 31752
3500 31616
3500 31600
3500 31604
3500 31648
3500 31700
3500 31600
3500 31752
3500 31664
3500 31652
3500 31600
3500 31600
3500 31604
3500 31700
3500 31648
3500 31588
3500 31692
3500 31652
3500 31636
3500 31612
3500 31600
3500 31592
3500 31616
3500 31596
4000 31700
4000 31700
4000 31612
4000 31640
4000 31648
4000 31644
4000 31704
4000 31700
4000 31716
4000 31616
4000 31604
4000 31612
4000 31612
4000 31652
4000 31716
4000 31652
4000 31656
4000 31680
4000 31700
4000 31700
4000 31704
4000 31616
4000 31652
4000 31652
4000 31604
4000 31644
4000 31664
4000 31616
4000 31604
4000 31652
4000 31664
4000 31648
4000 31664
4000 31652
4000 31616
4000 31648
4000 31616
4000 31652
4000 31648
4000 31748
4000 31744
4000 31604
4000 31652
4000 31648
4000 31704
4000 31652
4000 31752
4000 31652
4000 31652
4000 31160
4000 31652
4000 31700
4000 31664
4000 31744
4000 31664
4000 31652
4000 31640
4000 31648
4000 31648
4000 31648
4000 31652
4000 31652
4000 31704
4000 31652
4000 31652
4000 31612
4000 31612
4000 31652
4000 31616
4000 31648
4000 31604
4000 31668
4000 31700
4000 31756
4000 31652
4000 31600
4000 31804
4000 31616
4000 31608
4000 31604
4000 31648
4000 31700
4000 31600
4000 31752
4000 31664
4000 31700
4000 31600
4000 31600
4000 31604
4000 31700
4000 31648
4000 31652
4000 31692
4000 31652
4000 31804
4000 31668
4000 31600
4000 31600
4000 31616
4000 31616
4500 31700
4500 31700
4500 31612
4500 31692
4500 31648
4500 31652
4500 31704
4500 31752
4500 31716
4500 31616
4500 31692
4500 31616
4500 31612
4500 31652
4500 31716
4500 31652
4500 31704
4500 31680
4500 31700
4500 31700
4500 31704
4500 31616
4500 31652
4500 31652
4500 31640
4500 31644
4500 31664
4500 31616
4500 31668
4500 31652
4500 31664
4500 31648
4500 31716
4500 31704
4500 31616
4500 31648
4500 31704
4500 31652
4500 31648
4500 31748
4500 31744
4500 31652
4500 31652
4500 31648
4500 31704
4500 31652
4500 31752
4500 31704
4500 31656
4500 31660
4500 31704
4500 31700
4500 31664
4500 31744
4500 31664
4500 31652
4500 31640
4500 31648
4500 31668
4500 31656
4500 31656
4500 31752
4500 31704
4500 31704
4500 31652
4500 31756
4500 31708
4500 31696
4500 31616
4500 31648
4500 31620
4500 31704
4500 31700
4500 31756
4500 31704
4500 31700
4500 31804
4500 31616
4500 31652
4500 31656
4500 31648
4500 31700
4500 31556
4500 31752
4500 31716
4500 31704
4500 31652
4500 31612
4500 31632
4500 31700
4500 31648
4500 31652
4500 31692
4500 31752
4500 31804
4500 31752
4500 31656
4500 31620
4500 31616
4500 31616
5000 31716
5000 31700
5000 31752
5000 31692
5000 31720
5000 31652
5000 31704
5000 31752
5000 31752
5000 31696
5000 31692
5000 31664
5000 31704
5000 31652
5000 31716
5000 31652
5000 31704
5000 31704
5000 31700
5000 31752
5000 31704
5000 31700
5000 31652
5000 31700
5000 31700
5000 31700
5000 31744
5000 31652
5000 31668
5000 31652
5000 31664
5000 31296
5000 31716
5000 31704
5000 31652
5000 31648
5000 31704
5000 31652
5000 31648
5000 31748
5000 31744
5000 31704
5000 31704
5000 31648
5000 31704
5000 31652
5000 31752
5000 31704
5000 31808
5000 31660
5000 31752
5000 31700
5000 31664
5000 31744
5000 31664
5000 31700
5000 31696
5000 31700
5000 31668
5000 31656
5000 31656
5000 31752
5000 31704
5000 31704
5000 31664
5000 31756
5000 31708
5000 31696
5000 31704
5000 31648
5000 31656
5000 31704
5000 31700
5000 31756
5000 31704
5000 31700
5000 31804
5000 31700
5000 31652
5000 31696
5000 31648
5000 31700
5000 31704
5000 31804
5000 31716
5000 31704
5000 31652
5000 31664
5000 31704
5000 31700
5000 31648
5000 31656
5000 31692
5000 31752
5000 31804
5000 31752
5000 31656
5000 31652
5000 31704
5000 31652
5500 31716
5500 31700
5500 31752
5500 31744
5500 31720
5500 31700
5500 31704
5500 31752
5500 31752
5500 31756
5500 31692
5500 31664
5500 31704
5500 31664
5500 31716
5500 31704
5500 31756
5500 31756
5500 31752
5500 31752
5500 31704
5500 31700
5500 31744
5500 31752
5500 31700
5500 31700
5500 31796
5500 31716
5500 31668
5500 31656
5500 31664
5500 31672
5500 31768
5500 31704
5500 31744
5500 31700
5500 31704
5500 31688
5500 31768
5500 31748
5500 31744
5500 31704
5500 31756
5500 31716
5500 31704
5500 31656
5500 31752
5500 31704
5500 31808
5500 31696
5500 31752
5500 31700
5500 31664
5500 31744
5500 31664
5500 31700
5500 31696
5500 31700
5500 31716
5500 31704
5500 31656
5500 31752
5500 31756
5500 31704
5500 31664
5500 31756
5500 31708
5500 31696
5500 31704
5500 31704
5500 31856
5500 31704
5500 31700
5500 31756
5500 31704
5500 31704
5500 31804
5500 31700
5500 31604
5500 31696
5500 31652
5500 31700
5500 31756
5500 31804
5500 31716
5500 31704
5500 31652
5500 31700
5500 31752
5500 31700
5500 31708
5500 31656
5500 31692
5500 31752
5500 31804
5500 31752
5500 31656
5500 31652
5500 31704
5500 31652
6000 31716
6000 31704
6000 31752
6000 31744
6000 31720
6000 31700
6000 31704
6000 31752
6000 31752
6000 31756
6000 31704
6000 31700
6000 31720
6000 31820
6000 31716
6000 31704
6000 31756
6000 31756
6000 31752
6000 31752
6000 31704
6000 31756
6000 31796
6000 31752
6000 31700
6000 31700
6000 31796
6000 31768
6000 31748
6000 31744
6000 31848
6000 31756
6000 31768
6000 31704
6000 31744
6000 31708
6000 31704
6000 31804
6000 31768
6000 31748
6000 31744
6000 31704
6000 31756
6000 31716
6000 31704
6000 31704
6000 31756
6000 31704
6000 31808
6000 31756
6000 31752
6000 31700
6000 31756
6000 31744
6000 31704
6000 31700
6000 31700
6000 31700
6000 31716
6000 31704
6000 31708
6000 31752
6000 31756
6000 31704
6000 31700
6000 31756
6000 31708
6000 31704
6000 31704
6000 31704
6000 31856
6000 31756
6000 31704
6000 31756
6000 31704
6000 31704
6000 31804
6000 31700
6000 31756
6000 31392
6000 31748
6000 31700
6000 31756
6000 31804
6000 31716
6000 31704
6000 31704
6000 31700
6000 31752
6000 31804
6000 31708
6000 31700
6000 31712
6000 31752
6000 31804
6000 31752
6000 31752
6000 31704
6000 31704
6000 31756
6500 31716
6500 31756
6500 31752
6500 31748
6500 31720
6500 31716
6500 31720
6500 31752
6500 31752
6500 31756
6500 31660
6500 31756
6500 31720
6500 31820
6500 31720
6500 31704
6500 31756
6500 31756
6500 31752
6500 31752
6500 31708
6500 31808
6500 31796
6500 31804
6500 31708
6500 31704
6500 31796
6500 31768
6500 31748
6500 31796
6500 31848
6500 31756
6500 31768
6500 31808
6500 31744
6500 31708
6500 31704
6500 31804
6500 31768
6500 31748
6500 31744
6500 31744
6500 31756
6500 31716
6500 31704
6500 31704
6500 31756
6500 31704
6500 31808
6500 31756
6500 31752
6500 31756
6500 31756
6500 31796
6500 31704
6500 31744
6500 31752
6500 31752
6500 31768
6500 31704
6500 31708
6500 31752
6500 31756
6500 31704
6500 31756
6500 31756
6500 31708
6500 31704
6500 31748
6500 31704
6500 31856
6500 31756
6500 31756
6500 31756
6500 31704
6500 31756
6500 31804
6500 31704
6500 31756
6500 31756
6500 31748
6500 31744
6500 31756
6500 31804
6500 31716
6500 31772
6500 31704
6500 31808
6500 31752
6500 31804
6500 31708
6500 31752
6500 31720
6500 31752
6500 31804
6500 31752
6500 31752
6500 31720
6500 31704
6500 31756
