0 -175400
0 -177252
0 -175392
0 -179080
0 -177800
0 -170220
0 -172556
0 -169956
0 -171504
0 -173148
0 -178164
0 -171280
0 -174968
0 -184172
0 -178832
0 -175884
0 -176852
0 -177132
0 -188708
0 -177788
0 -178152
0 -175684
0 -176284
0 -180624
0 -176608
0 -179568
0 -181364
0 -176104
0 -174844
0 -177048
0 -177760
0 -176020
0 -172064
0 -169704
0 -175268
0 -174900
0 -168732
0 -174676
0 -173756
0 -174220
0 -177600
0 -174992
0 -185432
0 -173260
0 -174784
0 -173548
0 -175888
0 -173384
0 -172416
0 -168188
0 -177408
0 -175444
0 -177584
0 -176148
0 -176924
0 -177868
0 -173480
0 -167212
0 -171584
0 -175560
0 -170324
0 -178008
0 -175572
0 -176188
0 -177092
0 -177100
0 -178108
0 -174476
0 -177996
0 -173840
0 -173976
0 -172124
0 -175016
0 -180284
0 -168104
0 -174884
0 -171588
0 -172780
0 -175136
0 -181052
0 -173892
0 -182512
0 -177332
0 -178712
0 -175332
0 -171320
0 -171296
0 -177680
0 -180696
0 -179832
0 -171548
0 -168736
0 -174568
0 -173160
0 -177044
0 -179180
0 -174948
0 -177080
0 -179576
0 -169476
100 -175400
100 -177252
100 -175392
100 60040
100 59688
100 -170220
100 60580
100 -169956
100 -171504
100 -173148
100 62040
100 -171280
100 60328
100 61944
100 59412
100 -175884
100 60404
100 -177132
100 60144
100 60008
100 59284
100 -175684
100 -176284
100 56012
100 59948
100 59524
100 60208
100 -176104
100 -174844
100 -177048
100 57768
100 -176020
100 59612
100 62180
100 -175268
100 -174900
100 -168732
100 -174676
100 60232
100 -174220
100 -177600
100 -174992
100 58576
100 55844
100 -174784
100 55452
100 55916
100 61840
100 -172416
100 -168188
100 60940
100 -175444
100 -177584
100 -176148
100 -176924
100 60892
100 -173480
100 60120
100 59900
100 58420
100 -170324
100 57284
100 -175572
100 61984
100 -177092
100 -177100
100 56088
100 -174476
100 60704
100 -173840
100 -173976
100 60936
100 62140
100 61720
100 -168104
100 -174884
100 54880
100 -172780
100 -175136
100 60372
100 -173892
100 61284
100 -177332
100 58308
100 -175332
100 -171320
100 58632
100 -177680
100 61944
100 59260
100 -171548
100 -168736
100 61344
100 -173160
100 -177044
100 61312
100 -174948
100 -177080
100 60052
100 -169476
200 61952
200 60144
200 62696
200 60088
200 60188
200 61368
200 62696
200 -169956
200 -171504
200 -173148
200 62040
200 -171280
200 61964
200 62028
200 61944
200 61920
200 60876
200 61080
200 61004
200 61204
200 60992
200 -175684
200 61236
200 61776
200 59980
200 60604
200 61820
200 -176104
200 -174844
200 61680
200 60260
200 -176020
200 61912
200 62180
200 -175268
200 -174900
200 -168732
200 -174676
200 61264
200 -174220
200 61640
200 61384
200 61356
200 55844
200 -174784
200 61280
200 61196
200 61840
200 -172416
200 -168188
200 61044
200 -175444
200 61476
200 -176148
200 57144
200 61484
200 61732
200 61432
200 61948
200 61892
200 -170324
200 61532
200 -175572
200 62032
200 57252
200 55484
200 61912
200 -174476
200 62088
200 -173840
200 61328
200 61036
200 62140
200 61720
200 61260
200 -174884
200 54880
200 -172780
200 61824
200 60540
200 62352
200 61284
200 60352
200 58308
200 -175332
200 -171320
200 58632
200 61768
200 61944
200 59260
200 -171548
200 -168736
200 61740
200 -173160
200 60704
200 61312
200 -174948
200 61884
200 60052
200 -169476
300 61952
300 61804
300 62744
300 62088
300 61900
300 61424
300 62724
300 61696
300 61888
300 61552
300 62040
300 60224
300 61964
300 62028
300 61944
300 61920
300 61892
300 62392
300 61152
300 61556
300 61688
300 60936
300 61252
300 61776
300 60028
300 60604
300 61820
300 61892
300 61756
300 61680
300 60260
300 60040
300 61912
300 62180
300 60368
300 61880
300 60704
300 60228
300 61264
300 61376
300 62680
300 62112
300 61364
300 55844
300 60716
300 61280
300 62428
300 61840
300 59992
300 61172
300 61796
300 60956
300 61816
300 61756
300 61644
300 62512
300 61732
300 61432
300 61984
300 61892
300 61868
300 61788
300 61236
300 62032
300 57252
300 62664
300 61912
300 61224
300 62088
300 60148
300 61328
300 62028
300 62684
300 62216
300 61260
300 61140
300 60448
300 60380
300 61824
300 60540
300 62504
300 61332
300 60352
300 59024
300 61232
300 61316
300 61552
300 61768
300 61944
300 60276
300 61436
300 60864
300 62004
300 60080
300 60800
300 61312
300 61260
300 61884
300 60728
300 61660
400 61952
400 62180
400 62744
400 62088
400 61900
400 61668
400 62724
400 61696
400 61892
400 61552
400 62040
400 61812
400 61964
400 62028
400 61944
400 61920
400 61892
400 62392
400 61340
400 61556
400 62232
400 61676
400 61252
400 61776
400 62080
400 61828
400 62020
400 61892
400 61756
400 61680
400 61288
400 62312
400 61912
400 62372
400 61768
400 61880
400 61172
400 61724
400 61264
400 62352
400 62776
400 62112
400 61536
400 62068
400 61172
400 61892
400 62428
400 61840
400 62484
400 61172
400 62372
400 61444
400 61816
400 62088
400 61644
400 62512
400 61732
400 61432
400 62492
400 61928
400 62012
400 61788
400 61236
400 62032
400 61280
400 62664
400 61912
400 61224
400 62172
400 61480
400 61328
400 62028
400 62684
400 62216
400 61260
400 61720
400 61340
400 61588
400 61824
400 61196
400 62504
400 61992
400 61292
400 61380
400 61232
400 61316
400 61744
400 61768
400 61944
400 62284
400 62420
400 61548
400 62004
400 61776
400 61256
400 61312
400 62320
400 61884
400 61188
400 61808
500 61952
500 62180
500 62888
500 62088
500 61900
500 61668
500 62724
500 61696
500 61892
500 61552
500 62040
500 61812
500 61964
500 62112
500 61944
500 61920
500 61892
500 62672
500 61940
500 61556
500 62232
500 61908
500 61876
500 61776
500 62324
500 61828
500 62020
500 61892
500 61756
500 61756
500 63072
500 62312
500 61912
500 62372
500 61772
500 61880
500 62372
500 62016
500 61564
500 62352
500 62872
500 62112
500 61732
500 62324
500 61556
500 62000
500 62428
500 62564
500 62484
500 62256
500 62372
500 61860
500 62136
500 62088
500 61644
500 62512
500 62968
500 61644
500 62492
500 62436
500 62412
500 61788
500 61960
500 62032
500 61684
500 62664
500 61912
500 62128
500 62172
500 61964
500 62008
500 62140
500 62684
500 62216
500 61888
500 61720
500 61572
500 61588
500 62080
500 61864
500 62504
500 61992
500 61768
500 61536
500 62360
500 61616
500 61744
500 62552
500 62008
500 62284
500 62420
500 62076
500 62004
500 61860
500 61572
500 61640
500 62740
500 62484
500 61816
500 61948
600 61952
600 62180
600 62888
600 62088
600 61900
600 62120
600 63128
600 62300
600 62592
600 62060
600 62352
600 61812
600 61964
600 62112
600 61944
600 61920
600 61892
600 62672
600 61976
600 62072
600 62492
600 62264
600 62104
600 62036
600 62324
600 62472
600 62572
600 61892
600 62176
600 62012
600 63072
600 62312
600 62532
600 62464
600 62248
600 61880
600 62620
600 62016
600 61856
600 62496
600 62872
600 62292
600 62088
600 62324
600 62364
600 62000
600 63440
600 62564
600 63140
600 62416
600 62372
600 62124
600 62136
600 62188
600 62260
600 62512
600 62968
600 62328
600 62492
600 62436
600 62412
600 61836
600 61960
600 62032
600 62164
600 62664
600 61912
600 62176
600 62592
600 62164
600 62008
600 62140
600 62684
600 62216
600 61888
600 62348
600 62272
600 62384
600 62128
600 61864
600 62504
600 62252
600 61992
600 62460
600 62448
600 62212
600 62300
600 62552
600 62008
600 62380
600 62420
600 62076
600 62004
600 61860
600 62432
600 62268
600 62740
600 62484
600 61944
600 62080
700 62372
700 62324
700 62888
700 62136
700 62288
700 62120
700 63128
700 62500
700 62592
700 62060
700 62352
700 62032
700 62404
700 62112
700 62284
700 62024
700 62280
700 62672
700 62100
700 62820
700 62492
700 63104
700 62416
700 62036
700 62324
700 62472
700 62576
700 62272
700 62176
700 62012
700 63072
700 62496
700 62532
700 62464
700 62248
700 62368
700 62620
700 63204
700 61988
700 62496
700 62920
700 62292
700 62328
700 62324
700 62364
700 62796
700 63696
700 62564
700 63140
700 62796
700 63128
700 62124
700 62136
700 62564
700 62624
700 62512
700 63016
700 62332
700 62492
700 62436
700 62412
700 62280
700 62796
700 62032
700 62164
700 62664
700 62168
700 62176
700 62592
700 62320
700 62008
700 62196
700 63000
700 62448
700 62072
700 62728
700 62272
700 62432
700 62660
700 62244
700 62504
700 62252
700 61992
700 62492
700 62448
700 62780
700 62912
700 62600
700 62008
700 62380
700 62420
700 62076
700 62004
700 62232
700 62432
700 62268
700 62740
700 62484
700 62116
700 62080
800 62372
800 62324
800 62888
800 62652
800 62448
800 62268
800 63128
800 62500
800 62696
800 62184
800 62352
800 62304
800 62404
800 63444
800 62796
800 62200
800 62280
800 62876
800 63440
800 62820
800 62492
800 63104
800 62488
800 62616
800 62324
800 62472
800 62576
800 62368
800 62176
800 62160
800 63072
800 62496
800 63128
800 62464
800 62248
800 62368
800 62620
800 63204
800 62248
800 62496
800 62968
800 63220
800 62864
800 62508
800 62364
800 62848
800 63696
800 63512
800 63140
800 62796
800 63128
800 62348
800 62420
800 62564
800 62624
800 62512
800 63016
800 62604
800 62492
800 62436
800 62612
800 62280
800 62796
800 62492
800 62304
800 62664
800 62168
800 62176
800 62592
800 62572
800 62392
800 63092
800 63000
800 62448
800 62664
800 62728
800 62616
800 62432
800 62660
800 62292
800 62504
800 62252
800 62504
800 62908
800 62448
800 62828
800 62912
800 62600
800 60724
800 62476
800 62516
800 62744
800 62184
800 62280
800 62484
800 62268
800 62848
800 62484
800 62624
800 62448
900 62476
900 62800
900 62888
900 63144
900 63304
900 62428
900 63176
900 62856
900 62696
900 62500
900 62352
900 62700
900 62404
900 63444
900 62796
900 62568
900 62444
900 62948
900 63440
900 62856
900 63432
900 63200
900 63220
900 62616
900 62324
900 63184
900 62576
900 62416
900 62620
900 62416
900 63072
900 62496
900 63284
900 62576
900 62356
900 62368
900 62620
900 63468
900 62440
900 62496
900 62968
900 63220
900 62864
900 62508
900 62624
900 62848
900 63696
900 63704
900 63140
900 62892
900 63176
900 62436
900 62420
900 62796
900 62624
900 62512
900 63112
900 62604
900 62492
900 62436
900 62612
900 62716
900 62904
900 62492
900 62376
900 63096
900 62336
900 62428
900 62592
900 62716
900 62392
900 63092
900 63000
900 62628
900 63168
900 62728
900 62616
900 63072
900 62780
900 62448
900 62504
900 62456
900 62504
900 62908
900 62844
900 62928
900 63008
900 63612
900 62448
900 62476
900 62564
900 62744
900 62376
900 62360
900 62484
900 62348
900 62848
900 62552
900 62624
900 62496
1000 62476
1000 63024
1000 62888
1000 63144
1000 63304
1000 62972
1000 63176
1000 62856
1000 62836
1000 62548
1000 62468
1000 62968
1000 63044
1000 63444
1000 62796
1000 62652
1000 62460
1000 62996
1000 63440
1000 62856
1000 63480
1000 63200
1000 63220
1000 62616
1000 62664
1000 63184
1000 62576
1000 62784
1000 63032
1000 62540
1000 63108
1000 62700
1000 63284
1000 63032
1000 63056
1000 62876
1000 62620
1000 63468
1000 62940
1000 62496
1000 63120
1000 63472
1000 63008
1000 62904
1000 62624
1000 63248
1000 63696
1000 63704
1000 63140
1000 62892
1000 63176
1000 62556
1000 62572
1000 62832
1000 62720
1000 62512
1000 63112
1000 62604
1000 62576
1000 62468
1000 62612
1000 62716
1000 62904
1000 62492
1000 62900
1000 63444
1000 62624
1000 62688
1000 62592
1000 62716
1000 62564
1000 63092
1000 63100
1000 62724
1000 63168
1000 62728
1000 62628
1000 63072
1000 62852
1000 62680
1000 62504
1000 62456
1000 62772
1000 62908
1000 62844
1000 62976
1000 63008
1000 63612
1000 62448
1000 62476
1000 62564
1000 62744
1000 62732
1000 62516
1000 62884
1000 62456
1000 63004
1000 62552
1000 62768
1000 62564
1100 62940
1100 63024
1100 62892
1100 63144
1100 63308
1100 62972
1100 63176
1100 62856
1100 62836
1100 62652
1100 63376
1100 62968
1100 63044
1100 63444
1100 62796
1100 63084
1100 62664
1100 62996
1100 63440
1100 62856
1100 63480
1100 63252
1100 63220
1100 62920
1100 62964
1100 63184
1100 62880
1100 62784
1100 63032
1100 63552
1100 63108
1100 62700
1100 63284
1100 63128
1100 63104
1100 62876
1100 62620
1100 63468
1100 63172
1100 62616
1100 63120
1100 63472
1100 63112
1100 62904
1100 62624
1100 63344
1100 63696
1100 63704
1100 63140
1100 62892
1100 63536
1100 62772
1100 62624
1100 62832
1100 62720
1100 62688
1100 63160
1100 63016
1100 62992
1100 62672
1100 62476
1100 62732
1100 62904
1100 62876
1100 63216
1100 63780
1100 62624
1100 62688
1100 62688
1100 62716
1100 62644
1100 63092
1100 63100
1100 62724
1100 63168
1100 62728
1100 62628
1100 63072
1100 63172
1100 62892
1100 63052
1100 62808
1100 63316
1100 62908
1100 62844
1100 62976
1100 63632
1100 63612
1100 62868
1100 63024
1100 62960
1100 62744
1100 62732
1100 62700
1100 62884
1100 62968
1100 63004
1100 62916
1100 62768
1100 62912
1200 63072
1200 63024
1200 62892
1200 63144
1200 63308
1200 62972
1200 63176
1200 63356
1200 63080
1200 62860
1200 63376
1200 62968
1200 63044
1200 63444
1200 62796
1200 63084
1200 62816
1200 62996
1200 63440
1200 62856
1200 63480
1200 63252
1200 63892
1200 62920
1200 62964
1200 63324
1200 62928
1200 62784
1200 63032
1200 63648
1200 63108
1200 62920
1200 63284
1200 63128
1200 63104
1200 62876
1200 63420
1200 63468
1200 63172
1200 62820
1200 63120
1200 63472
1200 63112
1200 62904
1200 62788
1200 63344
1200 63696
1200 63704
1200 63140
1200 63724
1200 63536
1200 62772
1200 62944
1200 62832
1200 62720
1200 62928
1200 63524
1200 63472
1200 63392
1200 63272
1200 63412
1200 63332
1200 62904
1200 63140
1200 63824
1200 63828
1200 62772
1200 62828
1200 62860
1200 62816
1200 63080
1200 63092
1200 63100
1200 62724
1200 63168
1200 62728
1200 62980
1200 63216
1200 63172
1200 62940
1200 63052
1200 63784
1200 63316
1200 63320
1200 62844
1200 63388
1200 63632
1200 63612
1200 62976
1200 63024
1200 62960
1200 63192
1200 62852
1200 63284
1200 62992
1200 62968
1200 63876
1200 63060
1200 63208
1200 62964
1300 63116
1300 63540
1300 63100
1300 63144
1300 63596
1300 63024
1300 63192
1300 63356
1300 63080
1300 62944
1300 63376
1300 62968
1300 63536
1300 63444
1300 63180
1300 63084
1300 62344
1300 62996
1300 63440
1300 63124
1300 63480
1300 63252
1300 63892
1300 63172
1300 62964
1300 63324
1300 63024
1300 62908
1300 63396
1300 63648
1300 63108
1300 63120
1300 63332
1300 63128
1300 63104
1300 63172
1300 63420
1300 63492
1300 63436
1300 63044
1300 63120
1300 63472
1300 63112
1300 62904
1300 63220
1300 63344
1300 63696
1300 63840
1300 63140
1300 63724
1300 63536
1300 62956
1300 62944
1300 63436
1300 63156
1300 62984
1300 63524
1300 63472
1300 63472
1300 63272
1300 63412
1300 63380
1300 62904
1300 63292
1300 63824
1300 63828
1300 63112
1300 63080
1300 62988
1300 63020
1300 63080
1300 63092
1300 63744
1300 63376
1300 63168
1300 62936
1300 62980
1300 63264
1300 63268
1300 63220
1300 63052
1300 63784
1300 63800
1300 63320
1300 63104
1300 63436
1300 63680
1300 63660
1300 63692
1300 63024
1300 63080
1300 63360
1300 63476
1300 63464
1300 62992
1300 63128
1300 63876
1300 63096
1300 63248
1300 63144
1400 63116
1400 63540
1400 63100
1400 63356
1400 63644
1400 63128
1400 63192
1400 63356
1400 63536
1400 63208
1400 63376
1400 63128
1400 63536
1400 63496
1400 63540
1400 63084
1400 63176
1400 63204
1400 63440
1400 63124
1400 63528
1400 63252
1400 63892
1400 63172
1400 63392
1400 63524
1400 63052
1400 63080
1400 63396
1400 63648
1400 63108
1400 63120
1400 63332
1400 63208
1400 63108
1400 63172
1400 63420
1400 63492
1400 63436
1400 62568
1400 63188
1400 63472
1400 63112
1400 63480
1400 63220
1400 63444
1400 63696
1400 64040
1400 63288
1400 63724
1400 63536
1400 63228
1400 63268
1400 63436
1400 63156
1400 63180
1400 63524
1400 63548
1400 63472
1400 63272
1400 63412
1400 63380
1400 63372
1400 63292
1400 63824
1400 63828
1400 63264
1400 63080
1400 63064
1400 63076
1400 63080
1400 63600
1400 63744
1400 63424
1400 63168
1400 63188
1400 63320
1400 63380
1400 63268
1400 63220
1400 63052
1400 63784
1400 63800
1400 63320
1400 63156
1400 63484
1400 63680
1400 63660
1400 63692
1400 63540
1400 63080
1400 63492
1400 63476
1400 63464
1400 63188
1400 63376
1400 63876
1400 63416
1400 63248
1400 63144
1500 63116
1500 63540
1500 63668
1500 63392
1500 63692
1500 63128
1500 63192
1500 63356
1500 63536
1500 63208
1500 63376
1500 63128
1500 63632
1500 63496
1500 63540
1500 63140
1500 63476
1500 63756
1500 63440
1500 63124
1500 63528
1500 63252
1500 63892
1500 63236
1500 63736
1500 63524
1500 63452
1500 63172
1500 63396
1500 63648
1500 63472
1500 63124
1500 63332
1500 63208
1500 63436
1500 63172
1500 63468
1500 63636
1500 63436
1500 63540
1500 63280
1500 63472
1500 63276
1500 63480
1500 63320
1500 63444
1500 63792
1500 64040
1500 63292
1500 63724
1500 63584
1500 63228
1500 63268
1500 63436
1500 63184
1500 63584
1500 63524
1500 63548
1500 63472
1500 63320
1500 63412
1500 63380
1500 63372
1500 63292
1500 63824
1500 63828
1500 63264
1500 63200
1500 63128
1500 63172
1500 63140
1500 63600
1500 63744
1500 63424
1500 63676
1500 63188
1500 63476
1500 63380
1500 63268
1500 63220
1500 63540
1500 63784
1500 63800
1500 63320
1500 63184
1500 63484
1500 63680
1500 63708
1500 63692
1500 63540
1500 63296
1500 63880
1500 63524
1500 63488
1500 63188
1500 63376
1500 63876
1500 63416
1500 63504
1500 63144
1600 63240
1600 63540
1600 63668
1600 63392
1600 63692
1600 63372
1600 63476
1600 63356
1600 63536
1600 63328
1600 63556
1600 63372
1600 63632
1600 63496
1600 63540
1600 63488
1600 63476
1600 63756
1600 63540
1600 63276
1600 63528
1600 63492
1600 63892
1600 63344
1600 63736
1600 63524
1600 63452
1600 63488
1600 63396
1600 63648
1600 63472
1600 63284
1600 63332
1600 63488
1600 63436
1600 63384
1600 63468
1600 63636
1600 63436
1600 63540
1600 63376
1600 63472
1600 63684
1600 63480
1600 63628
1600 63444
1600 63792
1600 64040
1600 63532
1600 63724
1600 63680
1600 63228
1600 63380
1600 63436
1600 63336
1600 63584
1600 63704
1600 63548
1600 63704
1600 63364
1600 63456
1600 63380
1600 63372
1600 63344
1600 63824
1600 63828
1600 63264
1600 63200
1600 63224
1600 63444
1600 63400
1600 63600
1600 63744
1600 63424
1600 63676
1600 63464
1600 63476
1600 63380
1600 63268
1600 63260
1600 63684
1600 63784
1600 63800
1600 63320
1600 63324
1600 63484
1600 63832
1600 63708
1600 63692
1600 63540
1600 63536
1600 63880
1600 63524
1600 63488
1600 63348
1600 63688
1600 63876
1600 63888
1600 63504
1600 63584
1700 63480
1700 63888
1700 63768
1700 63512
1700 63692
1700 63516
1700 63788
1700 63356
1700 63536
1700 63536
1700 63604
1700 63372
1700 63632
1700 63496
1700 63540
1700 63488
1700 63476
1700 63756
1700 63540
1700 63388
1700 63528
1700 63492
1700 63892
1700 63440
1700 63736
1700 63524
1700 63452
1700 63488
1700 63632
1700 63740
1700 63472
1700 63432
1700 63460
1700 63500
1700 63436
1700 63600
1700 63468
1700 63684
1700 63436
1700 63736
1700 63376
1700 63472
1700 63684
1700 63480
1700 63628
1700 63444
1700 63792
1700 64040
1700 63532
1700 63848
1700 63680
1700 63388
1700 63476
1700 63436
1700 63636
1700 63584
1700 63740
1700 63548
1700 63704
1700 63364
1700 63552
1700 63380
1700 63372
1700 63536
1700 63952
1700 63828
1700 63532
1700 63364
1700 63424
1700 63444
1700 63400
1700 63848
1700 63744
1700 63608
1700 63676
1700 63584
1700 63476
1700 63380
1700 63544
1700 63436
1700 63684
1700 63784
1700 63800
1700 63404
1700 63536
1700 63528
1700 64044
1700 63756
1700 63692
1700 63540
1700 63644
1700 63880
1700 63524
1700 63688
1700 63452
1700 63688
1700 63876
1700 63888
1700 63504
1700 63584
1800 63480
1800 63936
1800 63768
1800 63704
1800 63788
1800 63516
1800 63788
1800 63556
1800 63536
1800 63536
1800 63656
1800 63596
1800 63680
1800 63496
1800 63632
1800 63488
1800 63476
1800 63756
1800 63540
1800 63636
1800 63576
1800 63492
1800 63892
1800 63640
1800 63736
1800 63676
1800 63452
1800 63536
1800 63632
1800 63740
1800 63472
1800 64040
1800 63460
1800 63500
1800 63240
1800 63648
1800 63468
1800 63684
1800 63484
1800 63736
1800 63724
1800 63480
1800 63684
1800 63744
1800 63628
1800 63444
1800 63792
1800 64040
1800 63532
1800 63848
1800 63680
1800 64040
1800 63972
1800 63436
1800 63752
1800 63584
1800 63740
1800 63632
1800 63704
1800 63800
1800 63552
1800 63676
1800 63536
1800 63536
1800 64092
1800 63828
1800 63532
1800 63840
1800 63576
1800 63444
1800 63436
1800 63848
1800 63744
1800 63884
1800 63676
1800 63584
1800 63476
1800 63444
1800 63788
1800 63436
1800 63828
1800 63784
1800 63800
1800 63636
1800 63536
1800 63528
1800 64044
1800 63756
1800 63692
1800 63540
1800 63644
1800 63880
1800 63524
1800 63688
1800 63452
1800 63688
1800 63876
1800 63936
1800 63552
1800 63584
1900 63560
1900 63936
1900 63816
1900 63704
1900 63788
1900 63516
1900 63788
1900 63556
1900 63536
1900 63536
1900 63672
1900 63884
1900 63680
1900 63496
1900 63632
1900 63532
1900 63740
1900 63756
1900 63540
1900 63636
1900 63644
1900 63840
1900 63892
1900 63640
1900 63736
1900 63676
1900 63804
1900 63536
1900 63632
1900 63740
1900 63540
1900 64040
1900 63636
1900 63680
1900 63492
1900 63744
1900 63628
1900 63684
1900 63580
1900 63792
1900 63728
1900 63532
1900 63684
1900 63744
1900 63628
1900 63488
1900 63792
1900 64040
1900 63532
1900 63848
1900 63680
1900 64040
1900 63972
1900 63500
1900 63752
1900 63584
1900 63740
1900 63632
1900 63704
1900 63800
1900 63552
1900 63676
1900 63536
1900 63536
1900 64092
1900 63832
1900 63532
1900 63840
1900 63576
1900 63800
1900 63820
1900 63848
1900 63744
1900 63884
1900 63884
1900 63584
1900 63796
1900 63588
1900 63836
1900 63496
1900 63828
1900 63836
1900 63800
1900 63636
1900 63536
1900 63584
1900 64044
1900 63756
1900 63692
1900 63540
1900 63644
1900 63880
1900 63632
1900 63932
1900 63760
1900 63832
1900 63876
1900 63936
1900 63552
1900 63584
2000 63560
2000 63936
2000 63816
2000 63704
2000 63788
2000 63792
2000 63788
2000 63556
2000 63796
2000 63568
2000 63672
2000 63900
2000 63680
2000 63540
2000 63632
2000 63580
2000 63836
2000 63756
2000 63784
2000 63836
2000 63644
2000 63840
2000 63892
2000 63640
2000 63736
2000 63728
2000 63804
2000 63540
2000 63632
2000 63740
2000 63540
2000 64040
2000 63636
2000 63776
2000 63916
2000 63744
2000 63912
2000 63684
2000 63620
2000 63792
2000 63728
2000 63604
2000 63832
2000 63744
2000 63628
2000 63736
2000 63888
2000 64040
2000 63880
2000 64000
2000 64132
2000 64040
2000 63972
2000 63652
2000 63752
2000 63584
2000 63740
2000 63632
2000 63704
2000 64032
2000 63552
2000 63676
2000 63600
2000 63536
2000 64212
2000 63832
2000 63580
2000 63840
2000 63576
2000 63900
2000 64044
2000 63848
2000 63744
2000 63884
2000 63884
2000 63584
2000 63796
2000 63692
2000 63836
2000 63696
2000 63828
2000 63836
2000 63808
2000 63636
2000 63684
2000 63584
2000 64196
2000 63756
2000 63692
2000 63540
2000 63940
2000 63880
2000 63680
2000 64024
2000 63760
2000 63832
2000 63876
2000 63936
2000 63552
2000 63584
2100 63588
2100 63936
2100 63816
2100 63704
2100 63788
2100 63792
2100 63788
2100 63588
2100 63944
2100 63588
2100 63672
2100 63900
2100 63680
2100 63632
2100 63784
2100 63784
2100 63836
2100 63756
2100 63784
2100 63836
2100 63644
2100 63840
2100 63992
2100 63640
2100 63736
2100 63888
2100 63804
2100 63640
2100 63632
2100 63740
2100 63176
2100 64092
2100 63636
2100 64024
2100 63916
2100 63744
2100 63912
2100 63684
2100 63620
2100 63792
2100 63728
2100 63604
2100 64092
2100 63840
2100 63628
2100 63736
2100 63936
2100 64092
2100 63992
2100 64000
2100 64132
2100 64040
2100 63972
2100 64092
2100 63752
2100 63584
2100 63764
2100 63632
2100 63704
2100 64036
2100 63688
2100 63848
2100 63600
2100 63784
2100 64212
2100 63832
2100 63836
2100 63840
2100 63584
2100 63900
2100 64044
2100 63848
2100 63884
2100 63884
2100 63884
2100 63584
2100 63796
2100 63692
2100 63836
2100 63696
2100 63828
2100 63884
2100 63904
2100 63636
2100 63684
2100 63680
2100 64196
2100 63756
2100 63692
2100 63652
2100 63940
2100 63880
2100 63680
2100 64024
2100 63760
2100 63896
2100 63924
2100 63936
2100 63660
2100 63584
2200 63804
2200 63936
2200 63864
2200 63992
2200 64004
2200 63792
2200 64072
2200 63644
2200 63944
2200 63952
2200 63672
2200 63900
2200 63680
2200 63712
2200 63784
2200 63784
2200 63836
2200 63756
2200 63884
2200 63836
2200 63644
2200 63840
2200 63992
2200 63640
2200 63736
2200 63888
2200 63804
2200 63640
2200 63680
2200 63740
2200 63852
2200 64176
2200 63528
2200 64024
2200 63916
2200 63920
2200 63912
2200 63684
2200 63912
2200 63792
2200 63728
2200 63640
2200 64092
2200 63840
2200 63784
2200 63736
2200 63936
2200 64092
2200 63992
2200 64000
2200 64132
2200 64136
2200 63972
2200 64092
2200 64052
2200 63940
2200 63764
2200 63784
2200 63928
2200 64036
2200 63688
2200 63848
2200 63784
2200 63784
2200 64260
2200 63832
2200 64196
2200 63840
2200 63712
2200 63900
2200 64044
2200 63968
2200 63884
2200 63884
2200 63884
2200 63816
2200 63884
2200 63692
2200 63836
2200 63696
2200 63828
2200 63884
2200 63904
2200 63648
2200 63780
2200 63680
2200 64196
2200 64044
2200 63692
2200 63652
2200 63940
2200 63880
2200 63820
2200 64024
2200 63760
2200 63896
2200 63924
2200 63936
2200 63660
2200 64004
2300 63836
2300 63936
2300 63864
2300 63992
2300 64040
2300 63992
2300 64120
2300 63724
2300 63944
2300 63952
2300 64148
2300 63900
2300 64132
2300 63720
2300 63784
2300 63832
2300 64308
2300 64256
2300 63956
2300 63836
2300 63796
2300 63956
2300 64088
2300 63836
2300 63784
2300 63888
2300 64128
2300 63736
2300 63744
2300 63788
2300 63896
2300 64176
2300 63844
2300 64072
2300 64000
2300 63920
2300 63912
2300 63908
2300 63912
2300 63792
2300 63728
2300 64060
2300 64092
2300 63840
2300 63784
2300 63736
2300 63936
2300 64092
2300 63992
2300 64144
2300 64132
2300 64136
2300 63972
2300 64092
2300 64396
2300 63940
2300 63764
2300 63924
2300 63928
2300 64436
2300 63808
2300 64196
2300 63784
2300 63892
2300 64260
2300 63832
2300 64196
2300 63840
2300 63760
2300 63956
2300 64096
2300 63968
2300 63884
2300 63884
2300 63884
2300 63816
2300 63884
2300 62660
2300 63836
2300 63740
2300 63828
2300 63884
2300 63904
2300 63816
2300 63896
2300 63916
2300 64196
2300 64044
2300 63740
2300 63828
2300 63940
2300 63880
2300 63820
2300 64024
2300 63848
2300 63896
2300 63924
2300 63936
2300 64112
2300 64004
