0 -4
0 12
0 20
0 -48
0 22
0 -36
0 -2
0 -46
0 -42
0 -86
0 14
0 22
0 18
0 96
0 12
0 -46
0 -50
0 8
0 -20
0 -40
0 -22
0 44
0 -36
0 2
0 46
0 -42
0 10
0 -38
0 -12
0 -32
0 32
0 -24
0 26
0 -28
0 2
0 -22
0 12
0 10
0 6
0 -54
0 -12
0 -22
0 -34
0 -26
0 -90
0 24
0 -8
0 78
0 50
0 16
0 34
0 54
0 -2
0 -22
0 -14
0 -8
0 6
0 -10
0 -80
0 -78
0 58
0 4
0 -20
0 -4
0 24
0 -14
0 -20
0 6
0 -4
0 28
0 36
0 24
0 36
0 26
0 -22
0 4
0 72
0 -24
0 -10
0 -12
0 -58
0 2
0 -54
0 68
0 -6
0 -60
0 4
0 70
0 80
0 26
0 -6
0 -12
0 -66
0 -36
0 28
0 34
0 -10
0 -42
0 -6
0 14
100 -4
100 12
100 20
100 2384
100 22
100 -36
100 -2
100 2398
100 -42
100 2374
100 14
100 22
100 18
100 96
100 12
100 -46
100 2394
100 8
100 -20
100 -40
100 -22
100 44
100 2398
100 2
100 2398
100 -42
100 2376
100 -38
100 2392
100 2364
100 32
100 -24
100 26
100 -28
100 2392
100 -22
100 2404
100 2376
100 2378
100 2368
100 -12
100 -22
100 -34
100 -26
100 2394
100 24
100 -8
100 2420
100 50
100 2384
100 2394
100 2386
100 -2
100 -22
100 -14
100 2390
100 6
100 2376
100 2390
100 2390
100 2392
100 4
100 -20
100 -4
100 24
100 2402
100 -20
100 2374
100 -4
100 28
100 36
100 24
100 2404
100 26
100 -22
100 4
100 72
100 2400
100 2400
100 -12
100 2380
100 2404
100 2408
100 68
100 -6
100 2406
100 4
100 2398
100 80
100 2400
100 -6
100 -12
100 2380
100 -36
100 2394
100 34
100 -10
100 -42
100 -6
100 14
200 2392
200 12
200 20
200 2420
200 2380
200 2402
200 -2
200 2398
200 2394
200 2378
200 14
200 22
200 2378
200 96
200 12
200 2400
200 2394
200 8
200 2398
200 2402
200 2398
200 44
200 2420
200 2
200 2398
200 2402
200 2420
200 2404
200 2392
200 2390
200 32
200 2406
200 26
200 2386
200 2418
200 2394
200 2404
200 2400
200 2400
200 2408
200 2384
200 2400
200 2390
200 2402
200 2394
200 24
200 2400
200 2420
200 50
200 2398
200 2404
200 2414
200 2378
200 2400
200 2396
200 2390
200 6
200 2396
200 2416
200 2394
200 2392
200 4
200 2390
200 2396
200 24
200 2402
200 2376
200 2418
200 2404
200 28
200 36
200 24
200 2406
200 26
200 2402
200 4
200 72
200 2400
200 2400
200 2396
200 2394
200 2408
200 2412
200 2398
200 2396
200 2406
200 4
200 2400
200 2398
200 2406
200 2400
200 2390
200 2380
200 2390
200 2394
200 34
200 2386
200 2422
200 2394
200 14
300 2392
300 2408
300 2404
300 2422
300 2402
300 2414
300 2390
300 2406
300 2404
300 2392
300 2394
300 2390
300 2394
300 2396
300 2396
300 2400
300 2400
300 2416
300 2398
300 2402
300 2400
300 2392
300 2420
300 2402
300 2398
300 2402
300 2420
300 2406
300 2392
300 2398
300 2400
300 2406
300 2390
300 2396
300 2422
300 2398
300 2404
300 2400
300 2400
300 2408
300 2400
300 2400
300 2402
300 2416
300 2394
300 2402
300 2402
300 2420
300 2394
300 2404
300 2404
300 2414
300 2422
300 2400
300 2422
300 2398
300 2400
300 2396
300 2416
300 2394
300 2400
300 2406
300 2408
300 2414
300 2418
300 2422
300 2406
300 2422
300 2406
300 2400
300 2416
300 2402
300 2406
300 2404
300 2420
300 2394
300 2396
300 2402
300 2402
300 2396
300 2394
300 2418
300 2412
300 2398
300 2396
300 2418
300 2388
300 2400
300 2400
300 2418
300 2408
300 2400
300 2402
300 2412
300 2394
300 2398
300 2412
300 2422
300 2406
300 2400
400 2408
400 2420
400 2404
400 2422
400 2422
400 2414
400 2406
400 2406
400 2404
400 2412
400 2410
400 2400
400 2400
400 2400
400 2422
400 2428
400 2424
400 2416
400 2418
400 2422
400 2404
400 2400
400 2420
400 2424
400 2408
400 2402
400 2420
400 2406
400 2408
400 2412
400 2408
400 2416
400 2400
400 2418
400 2426
400 2412
400 2404
400 2408
400 2400
400 2412
400 2410
400 2400
400 2404
400 2416
400 2420
400 2402
400 2412
400 2420
400 2406
400 2404
400 2408
400 2428
400 2422
400 2400
400 2422
400 2404
400 2422
400 2402
400 2416
400 2402
400 2402
400 2406
400 2408
400 2414
400 2418
400 2422
400 2410
400 2422
400 2416
400 2400
400 2428
400 2412
400 2406
400 2412
400 2420
400 2408
400 2422
400 2402
400 2404
400 2400
400 2404
400 2418
400 2416
400 2424
400 2400
400 2420
400 2402
400 2400
400 2400
400 2424
400 2424
400 2400
400 2402
400 2422
400 2426
400 2398
400 2412
400 2424
400 2410
400 2408
500 2408
500 2420
500 2420
500 2422
500 2422
500 2420
500 2424
500 2422
500 2410
500 2422
500 2416
500 2422
500 2420
500 2416
500 2422
500 2428
500 2424
500 2416
500 2422
500 2422
500 2410
500 2420
500 2420
500 2430
500 2416
500 2410
500 2420
500 2410
500 2420
500 2418
500 2418
500 2416
500 2414
500 2426
500 2426
500 2412
500 2414
500 2408
500 2412
500 2412
500 2410
500 2422
500 2406
500 2416
500 2420
500 2420
500 2412
500 2422
500 2406
500 2420
500 2408
500 2428
500 2422
500 2408
500 2422
500 2424
500 2422
500 2410
500 2416
500 2422
500 2414
500 2406
500 2414
500 2414
500 2418
500 2422
500 2426
500 2424
500 2416
500 2410
500 2428
500 2412
500 2412
500 2420
500 2420
500 2408
500 2422
500 2422
500 2408
500 2414
500 2412
500 2418
500 2416
500 2424
500 2416
500 2424
500 2428
500 2422
500 2412
500 2424
500 2424
500 2424
500 2420
500 2422
500 2426
500 2406
500 2428
500 2424
500 2410
500 2416
600 2418
600 2420
600 2420
600 2422
600 2422
600 2422
600 2424
600 2424
600 2422
600 2422
600 2424
600 2422
600 2420
600 2416
600 2422
600 2428
600 2424
600 2416
600 2426
600 2422
600 2418
600 2422
600 2420
600 2430
600 2420
600 2422
600 2420
600 2418
600 2420
600 2420
600 2418
600 2416
600 2418
600 2426
600 2426
600 2424
600 2430
600 2424
600 2420
600 2416
600 2422
600 2422
600 2416
600 2424
600 2420
600 2420
600 2426
600 2422
600 2416
600 2424
600 2418
600 2428
600 2422
600 2416
600 2424
600 2424
600 2428
600 2422
600 2418
600 2422
600 2418
600 2420
600 2420
600 2418
600 2418
600 2424
600 2430
600 2424
600 2418
600 2412
600 2428
600 2422
600 2420
600 2422
600 2420
600 2418
600 2422
600 2422
600 2414
600 2414
600 2426
600 2420
600 2420
600 2424
600 2424
600 2426
600 2428
600 2422
600 2422
600 2424
600 2424
600 2424
600 2420
600 2426
600 2426
600 2420
600 2428
600 2424
600 2422
600 2416
700 2420
700 2420
700 2420
700 2422
700 2424
700 2422
700 2424
700 2424
700 2424
700 2422
700 2430
700 2426
700 2420
700 2422
700 2422
700 2428
700 2426
700 2428
700 2426
700 2422
700 2422
700 2422
700 2420
700 2430
700 2420
700 2426
700 2428
700 2422
700 2420
700 2420
700 2428
700 2426
700 2424
700 2426
700 2426
700 2426
700 2430
700 2424
700 2420
700 2420
700 2422
700 2422
700 2424
700 2424
700 2422
700 2424
700 2426
700 2422
700 2426
700 2424
700 2424
700 2428
700 2422
700 2424
700 2424
700 2424
700 2428
700 2424
700 2420
700 2422
700 2422
700 2424
700 2420
700 2424
700 2430
700 2424
700 2430
700 2424
700 2420
700 2422
700 2428
700 2424
700 2422
700 2422
700 2424
700 2410
700 2422
700 2422
700 2418
700 2426
700 2426
700 2420
700 2424
700 2428
700 2424
700 2428
700 2428
700 2426
700 2424
700 2424
700 2424
700 2424
700 2426
700 2428
700 2428
700 2422
700 2428
700 2428
700 2422
700 2422
800 2426
800 2426
800 2428
800 2428
800 2432
800 2424
800 2424
800 2424
800 2424
800 2426
800 2430
800 2426
800 2430
800 2424
800 2426
800 2428
800 2426
800 2428
800 2426
800 2424
800 2426
800 2426
800 2424
800 2430
800 2424
800 2426
800 2428
800 2426
800 2426
800 2424
800 2428
800 2426
800 2426
800 2426
800 2426
800 2426
800 2430
800 2424
800 2424
800 2424
800 2424
800 2424
800 2426
800 2424
800 2426
800 2424
800 2426
800 2424
800 2426
800 2424
800 2424
800 2428
800 2428
800 2428
800 2426
800 2424
800 2428
800 2424
800 2426
800 2430
800 2424
800 2426
800 2426
800 2428
800 2430
800 2428
800 2430
800 2424
800 2420
800 2426
800 2428
800 2424
800 2422
800 2424
800 2424
800 2422
800 2422
800 2424
800 2422
800 2426
800 2432
800 2424
800 2424
800 2428
800 2424
800 2428
800 2432
800 2428
800 2424
800 2424
800 2424
800 2424
800 2426
800 2428
800 2428
800 2424
800 2428
800 2428
800 2422
800 2422
