0 4
0 38
0 -4
0 -16
0 -72
0 68
0 -74
0 0
0 22
0 8
0 24
0 70
0 10
0 54
0 -2
0 18
0 -58
0 56
0 4
0 0
0 12
0 64
0 -24
0 -20
0 38
0 34
0 10
0 0
0 18
0 -52
0 12
0 20
0 0
0 -12
0 54
0 38
0 -6
0 50
0 32
0 12
0 26
0 52
0 40
0 -18
0 -2
0 92
0 -32
0 20
0 -4
0 28
0 -26
0 32
0 -16
0 18
0 -4
0 22
0 -26
0 -14
0 30
0 54
0 -56
0 22
0 2
0 46
0 24
0 -26
0 10
0 -32
0 20
0 12
0 -8
0 -58
0 12
0 14
0 48
0 -10
0 30
0 -18
0 -16
0 -10
0 38
0 54
0 20
0 54
0 50
0 14
0 44
0 -28
0 48
0 12
0 60
0 84
0 50
0 106
0 26
0 100
0 76
0 4
0 -48
0 -38
100 4
100 1380
100 -4
100 1374
100 1372
100 68
100 1370
100 1368
100 1374
100 8
100 24
100 70
100 10
100 1380
100 1364
100 18
100 1370
100 1374
100 4
100 0
100 1368
100 64
100 1378
100 1368
100 38
100 1362
100 10
100 0
100 1378
100 1374
100 12
100 1378
100 0
100 1354
100 54
100 38
100 1376
100 50
100 32
100 12
100 26
100 1366
100 1374
100 1372
100 -2
100 1382
100 1376
100 20
100 -4
100 28
100 1376
100 32
100 1366
100 18
100 1364
100 1380
100 1372
100 1368
100 30
100 54
100 1372
100 22
100 2
100 46
100 24
100 1374
100 1374
100 1378
100 1376
100 1386
100 1362
100 1372
100 12
100 14
100 48
100 1366
100 30
100 1378
100 1356
100 1354
100 38
100 54
100 20
100 54
100 50
100 1384
100 44
100 1366
100 48
100 12
100 60
100 1378
100 50
100 1376
100 26
100 100
100 76
100 4
100 1374
100 1368
200 1368
200 1390
200 1370
200 1380
200 1382
200 68
200 1386
200 1374
200 1374
200 1378
200 24
200 70
200 1372
200 1384
200 1368
200 1378
200 1378
200 1374
200 1388
200 1384
200 1388
200 1372
200 1386
200 1378
200 38
200 1382
200 1374
200 1376
200 1386
200 1374
200 1378
200 1378
200 1370
200 1376
200 54
200 38
200 1386
200 50
200 1368
200 1380
200 26
200 1386
200 1380
200 1372
200 1372
200 1382
200 1378
200 1376
200 1380
200 28
200 1376
200 1376
200 1384
200 1366
200 1382
200 1386
200 1378
200 1374
200 30
200 54
200 1372
200 1372
200 1392
200 46
200 24
200 1384
200 1384
200 1378
200 1376
200 1386
200 1372
200 1372
200 1376
200 1384
200 48
200 1376
200 30
200 1382
200 1368
200 1378
200 38
200 1378
200 1372
200 54
200 1374
200 1384
200 44
200 1372
200 1374
200 1370
200 60
200 1378
200 50
200 1378
200 26
200 100
200 76
200 1370
200 1378
200 1380
300 1384
300 1394
300 1380
300 1380
300 1384
300 1374
300 1386
300 1374
300 1380
300 1382
300 1386
300 1384
300 1380
300 1388
300 1374
300 1378
300 1378
300 1374
300 1388
300 1384
300 1388
300 1384
300 1386
300 1378
300 1380
300 1392
300 1382
300 1376
300 1386
300 1378
300 1384
300 1380
300 1376
300 1376
300 1384
300 1382
300 1386
300 1388
300 1378
300 1380
300 1378
300 1386
300 1390
300 1374
300 1372
300 1382
300 1384
300 1376
300 1380
300 1378
300 1386
300 1378
300 1384
300 1384
300 1382
300 1390
300 1390
300 1374
300 1380
300 1374
300 1372
300 1374
300 1392
300 1380
300 1374
300 1390
300 1388
300 1378
300 1376
300 1388
300 1380
300 1372
300 1376
300 1388
300 1376
300 1382
300 1372
300 1382
300 1388
300 1378
300 1374
300 1388
300 1378
300 1374
300 1378
300 1384
300 1378
300 1382
300 1380
300 1386
300 1380
300 1378
300 1384
300 1378
300 1388
300 1394
300 1384
300 1386
300 1378
300 1384
400 1390
400 1394
400 1382
400 1382
400 1384
400 1390
400 1386
400 1382
400 1386
400 1382
400 1386
400 1384
400 1376
400 1388
400 1380
400 1382
400 1386
400 1388
400 1388
400 1388
400 1388
400 1384
400 1386
400 1382
400 1380
400 1392
400 1390
400 1382
400 1386
400 1386
400 1384
400 1386
400 1386
400 1384
400 1390
400 1386
400 1386
400 1388
400 1380
400 1380
400 1384
400 1386
400 1392
400 1384
400 1382
400 1382
400 1384
400 1382
400 1382
400 1382
400 1386
400 1380
400 1384
400 1384
400 1384
400 1390
400 1390
400 1380
400 1380
400 1384
400 1384
400 1382
400 1392
400 1380
400 1382
400 1390
400 1390
400 1388
400 1384
400 1388
400 1380
400 1380
400 1386
400 1388
400 1380
400 1382
400 1380
400 1382
400 1392
400 1382
400 1386
400 1388
400 1384
400 1386
400 1380
400 1384
400 1386
400 1388
400 1384
400 1386
400 1386
400 1380
400 1384
400 1382
400 1390
400 1394
400 1384
400 1386
400 1380
400 1386
500 1390
500 1394
500 1388
500 1386
500 1384
500 1390
500 1386
500 1384
500 1386
500 1392
500 1386
500 1384
500 1388
500 1388
500 1384
500 1392
500 1390
500 1388
500 1392
500 1388
500 1388
500 1384
500 1386
500 1386
500 1386
500 1392
500 1390
500 1388
500 1388
500 1386
500 1384
500 1386
500 1386
500 1386
500 1394
500 1386
500 1386
500 1390
500 1388
500 1386
500 1384
500 1386
500 1392
500 1384
500 1384
500 1384
500 1384
500 1392
500 1386
500 1384
500 1386
500 1388
500 1384
500 1384
500 1384
500 1390
500 1390
500 1394
500 1384
500 1388
500 1384
500 1392
500 1392
500 1386
500 1386
500 1390
500 1392
500 1388
500 1384
500 1388
500 1386
500 1386
500 1386
500 1388
500 1384
500 1388
500 1394
500 1384
500 1392
500 1384
500 1388
500 1388
500 1384
500 1394
500 1390
500 1388
500 1386
500 1388
500 1384
500 1386
500 1386
500 1382
500 1384
500 1382
500 1390
500 1394
500 1384
500 1386
500 1382
500 1388
600 1392
600 1394
600 1388
600 1394
600 1384
600 1390
600 1386
600 1386
600 1386
600 1396
600 1392
600 1386
600 1388
600 1388
600 1390
600 1392
600 1390
600 1388
600 1392
600 1388
600 1388
600 1386
600 1386
600 1386
600 1386
600 1392
600 1390
600 1388
600 1388
600 1388
600 1386
600 1392
600 1388
600 1386
600 1394
600 1386
600 1386
600 1390
600 1388
600 1390
600 1386
600 1386
600 1392
600 1388
600 1388
600 1386
600 1386
600 1392
600 1386
600 1388
600 1388
600 1388
600 1388
600 1388
600 1386
600 1390
600 1390
600 1394
600 1386
600 1388
600 1392
600 1392
600 1392
600 1388
600 1386
600 1390
600 1392
600 1388
600 1392
600 1388
600 1386
600 1392
600 1392
600 1388
600 1386
600 1388
600 1394
600 1386
600 1392
600 1386
600 1392
600 1388
600 1390
600 1394
600 1390
600 1388
600 1386
600 1388
600 1386
600 1386
600 1392
600 1386
600 1386
600 1390
600 1390
600 1394
600 1392
600 1386
600 1390
600 1388
700 1392
700 1394
700 1388
700 1394
700 1392
700 1390
700 1388
700 1388
700 1390
700 1396
700 1394
700 1388
700 1388
700 1388
700 1392
700 1394
700 1390
700 1388
700 1392
700 1388
700 1388
700 1394
700 1388
700 1390
700 1394
700 1392
700 1390
700 1388
700 1390
700 1388
700 1394
700 1392
700 1390
700 1388
700 1394
700 1388
700 1390
700 1390
700 1388
700 1390
700 1388
700 1388
700 1392
700 1394
700 1388
700 1388
700 1388
700 1392
700 1392
700 1388
700 1388
700 1388
700 1388
700 1388
700 1388
700 1390
700 1390
700 1394
700 1388
700 1388
700 1392
700 1392
700 1392
700 1392
700 1388
700 1390
700 1392
700 1388
700 1392
700 1388
700 1392
700 1392
700 1392
700 1388
700 1388
700 1388
700 1394
700 1384
700 1392
700 1386
700 1392
700 1390
700 1390
700 1394
700 1390
700 1390
700 1390
700 1388
700 1386
700 1386
700 1392
700 1390
700 1386
700 1394
700 1390
700 1394
700 1392
700 1388
700 1392
700 1388
800 1392
800 1394
800 1390
800 1394
800 1392
800 1392
800 1392
800 1396
800 1392
800 1396
800 1394
800 1390
800 1394
800 1392
800 1392
800 1394
800 1392
800 1390
800 1392
800 1392
800 1394
800 1394
800 1396
800 1396
800 1394
800 1392
800 1390
800 1392
800 1392
800 1390
800 1394
800 1392
800 1390
800 1390
800 1394
800 1392
800 1390
800 1390
800 1390
800 1390
800 1392
800 1390
800 1392
800 1394
800 1392
800 1394
800 1390
800 1392
800 1392
800 1392
800 1392
800 1390
800 1394
800 1392
800 1394
800 1390
800 1392
800 1394
800 1386
800 1388
800 1396
800 1392
800 1392
800 1392
800 1388
800 1390
800 1394
800 1388
800 1392
800 1388
800 1392
800 1392
800 1394
800 1388
800 1394
800 1388
800 1394
800 1388
800 1392
800 1392
800 1392
800 1390
800 1390
800 1394
800 1390
800 1390
800 1390
800 1388
800 1388
800 1388
800 1392
800 1390
800 1390
800 1394
800 1390
800 1394
800 1392
800 1388
800 1392
800 1388
900 1392
900 1394
900 1392
900 1394
900 1392
900 1392
900 1392
900 1396
900 1392
900 1396
900 1394
900 1392
900 1394
900 1392
900 1394
900 1394
900 1392
900 1392
900 1392
900 1392
900 1394
900 1394
900 1396
900 1396
900 1394
900 1394
900 1392
900 1394
900 1392
900 1392
900 1394
900 1392
900 1394
900 1394
900 1394
900 1392
900 1392
900 1394
900 1392
900 1392
900 1392
900 1392
900 1392
900 1394
900 1392
900 1394
900 1392
900 1392
900 1392
900 1392
900 1392
900 1394
900 1396
900 1392
900 1394
900 1384
900 1392
900 1394
900 1390
900 1392
900 1396
900 1392
900 1392
900 1392
900 1394
900 1390
900 1394
900 1390
900 1392
900 1390
900 1392
900 1392
900 1396
900 1390
900 1394
900 1390
900 1394
900 1398
900 1392
900 1392
900 1392
900 1394
900 1394
900 1394
900 1390
900 1390
900 1390
900 1394
900 1392
900 1394
900 1392
900 1390
900 1390
900 1394
900 1390
900 1394
900 1392
900 1390
900 1392
900 1392
1000 1396
1000 1394
1000 1384
1000 1394
1000 1392
1000 1392
1000 1394
1000 1396
1000 1392
1000 1396
1000 1394
1000 1392
1000 1394
1000 1392
1000 1394
1000 1394
1000 1392
1000 1392
1000 1392
1000 1392
1000 1394
1000 1394
1000 1396
1000 1396
1000 1394
1000 1394
1000 1392
1000 1394
1000 1392
1000 1392
1000 1396
1000 1392
1000 1394
1000 1394
1000 1394
1000 1392
1000 1392
1000 1394
1000 1392
1000 1394
1000 1392
1000 1392
1000 1392
1000 1394
1000 1394
1000 1394
1000 1392
1000 1392
1000 1392
1000 1392
1000 1392
1000 1394
1000 1396
1000 1392
1000 1394
1000 1392
1000 1392
1000 1394
1000 1396
1000 1392
1000 1396
1000 1392
1000 1392
1000 1392
1000 1394
1000 1394
1000 1394
1000 1394
1000 1392
1000 1394
1000 1392
1000 1392
1000 1396
1000 1394
1000 1394
1000 1392
1000 1396
1000 1398
1000 1392
1000 1392
1000 1392
1000 1394
1000 1394
1000 1396
1000 1392
1000 1394
1000 1394
1000 1394
1000 1392
1000 1394
1000 1392
1000 1394
1000 1392
1000 1394
1000 1394
1000 1394
1000 1392
1000 1392
1000 1392
1000 1392
1100 1396
1100 1394
1100 1402
1100 1394
1100 1396
1100 1394
1100 1394
1100 1396
1100 1394
1100 1396
1100 1394
1100 1394
1100 1394
1100 1396
1100 1394
1100 1394
1100 1392
1100 1394
1100 1392
1100 1396
1100 1394
1100 1396
1100 1396
1100 1396
1100 1394
1100 1394
1100 1394
1100 1394
1100 1392
1100 1394
1100 1396
1100 1394
1100 1394
1100 1394
1100 1394
1100 1392
1100 1392
1100 1394
1100 1392
1100 1394
1100 1392
1100 1394
1100 1394
1100 1394
1100 1394
1100 1394
1100 1394
1100 1392
1100 1392
1100 1398
1100 1392
1100 1394
1100 1398
1100 1392
1100 1394
1100 1392
1100 1392
1100 1394
1100 1398
1100 1394
1100 1396
1100 1392
1100 1392
1100 1392
1100 1394
1100 1394
1100 1394
1100 1394
1100 1392
1100 1394
1100 1392
1100 1392
1100 1396
1100 1394
1100 1394
1100 1392
1100 1396
1100 1398
1100 1392
1100 1392
1100 1394
1100 1394
1100 1394
1100 1396
1100 1392
1100 1394
1100 1400
1100 1394
1100 1392
1100 1394
1100 1392
1100 1394
1100 1392
1100 1394
1100 1394
1100 1394
1100 1392
1100 1392
1100 1392
1100 1392
1200 1396
1200 1394
1200 1402
1200 1394
1200 1396
1200 1394
1200 1394
1200 1396
1200 1394
1200 1396
1200 1394
1200 1396
1200 1396
1200 1396
1200 1396
1200 1394
1200 1394
1200 1394
1200 1394
1200 1396
1200 1394
1200 1396
1200 1396
1200 1396
1200 1394
1200 1394
1200 1398
1200 1396
1200 1394
1200 1396
1200 1396
1200 1394
1200 1394
1200 1394
1200 1394
1200 1394
1200 1394
1200 1394
1200 1394
1200 1394
1200 1394
1200 1394
1200 1396
1200 1394
1200 1398
1200 1394
1200 1394
1200 1394
1200 1394
1200 1398
1200 1394
1200 1394
1200 1398
1200 1400
1200 1398
1200 1394
1200 1394
1200 1394
1200 1398
1200 1394
1200 1396
1200 1394
1200 1394
1200 1394
1200 1394
1200 1394
1200 1394
1200 1394
1200 1394
1200 1394
1200 1394
1200 1394
1200 1396
1200 1394
1200 1396
1200 1396
1200 1396
1200 1398
1200 1394
1200 1390
1200 1396
1200 1394
1200 1394
1200 1396
1200 1398
1200 1394
1200 1400
1200 1394
1200 1392
1200 1394
1200 1396
1200 1394
1200 1392
1200 1394
1200 1394
1200 1394
1200 1392
1200 1394
1200 1394
1200 1394
1300 1396
1300 1396
1300 1402
1300 1396
1300 1396
1300 1386
1300 1394
1300 1396
1300 1396
1300 1396
1300 1394
1300 1396
1300 1396
1300 1396
1300 1396
1300 1394
1300 1394
1300 1394
1300 1394
1300 1398
1300 1394
1300 1396
1300 1396
1300 1398
1300 1396
1300 1394
1300 1398
1300 1396
1300 1394
1300 1396
1300 1396
1300 1394
1300 1394
1300 1394
1300 1394
1300 1394
1300 1394
1300 1394
1300 1394
1300 1396
1300 1394
1300 1394
1300 1396
1300 1396
1300 1398
1300 1394
1300 1394
1300 1394
1300 1394
1300 1398
1300 1394
1300 1394
1300 1398
1300 1400
1300 1398
1300 1394
1300 1394
1300 1394
1300 1398
1300 1398
1300 1396
1300 1394
1300 1396
1300 1394
1300 1394
1300 1394
1300 1396
1300 1394
1300 1398
1300 1394
1300 1394
1300 1394
1300 1396
1300 1394
1300 1398
1300 1396
1300 1396
1300 1398
1300 1394
1300 1396
1300 1396
1300 1394
1300 1394
1300 1396
1300 1398
1300 1396
1300 1400
1300 1398
1300 1396
1300 1398
1300 1396
1300 1398
1300 1400
1300 1394
1300 1394
1300 1394
1300 1394
1300 1394
1300 1394
1300 1394
1400 1396
1400 1396
1400 1402
1400 1396
1400 1396
1400 1398
1400 1398
1400 1396
1400 1396
1400 1396
1400 1396
1400 1402
1400 1396
1400 1396
1400 1396
1400 1398
1400 1398
1400 1372
1400 1396
1400 1398
1400 1394
1400 1396
1400 1396
1400 1398
1400 1396
1400 1394
1400 1398
1400 1396
1400 1396
1400 1396
1400 1396
1400 1400
1400 1394
1400 1394
1400 1394
1400 1394
1400 1394
1400 1394
1400 1394
1400 1396
1400 1394
1400 1394
1400 1396
1400 1396
1400 1398
1400 1394
1400 1394
1400 1394
1400 1394
1400 1398
1400 1394
1400 1394
1400 1398
1400 1400
1400 1398
1400 1394
1400 1396
1400 1394
1400 1402
1400 1398
1400 1396
1400 1400
1400 1396
1400 1394
1400 1396
1400 1396
1400 1396
1400 1394
1400 1398
1400 1394
1400 1394
1400 1394
1400 1396
1400 1394
1400 1398
1400 1398
1400 1396
1400 1398
1400 1394
1400 1396
1400 1396
1400 1394
1400 1394
1400 1396
1400 1398
1400 1398
1400 1400
1400 1400
1400 1396
1400 1398
1400 1396
1400 1398
1400 1400
1400 1394
1400 1394
1400 1394
1400 1394
1400 1394
1400 1394
1400 1394
