0 46
0 -30
0 2
0 -4
0 -40
0 36
0 90
0 -12
0 42
0 20
0 42
0 8
0 -64
0 -10
0 -20
0 44
0 -26
0 86
0 -12
0 -12
0 10
0 40
0 16
0 36
0 2
0 64
0 28
0 38
0 66
0 100
0 38
0 42
0 10
0 -62
0 18
0 42
0 70
0 -20
0 28
0 36
0 34
0 -18
0 4
0 44
0 -8
0 90
0 42
0 -4
0 16
0 14
0 50
0 112
0 80
0 36
0 -46
0 -16
0 -22
0 54
0 -22
0 -92
0 -38
0 76
0 -64
0 56
0 76
0 20
0 10
0 -36
0 -30
0 -52
0 70
0 -10
0 -46
0 8
0 -44
0 26
0 28
0 -70
0 -16
0 124
0 6
0 118
0 62
0 58
0 26
0 14
0 -18
0 -54
0 -68
0 4
0 -52
0 44
0 24
0 6
0 46
0 -30
0 -16
0 2
0 64
0 32
10 46
10 -30
10 2
10 -4
10 -40
10 36
10 90
10 -12
10 42
10 2388
10 42
10 8
10 -64
10 -10
10 -20
10 44
10 -26
10 86
10 -12
10 -12
10 10
10 40
10 16
10 36
10 2
10 64
10 28
10 38
10 66
10 100
10 2352
10 42
10 10
10 -62
10 18
10 42
10 70
10 -20
10 28
10 36
10 34
10 -18
10 4
10 44
10 -8
10 2376
10 42
10 -4
10 16
10 14
10 50
10 112
10 80
10 36
10 -46
10 -16
10 -22
10 54
10 2368
10 -92
10 -38
10 76
10 -64
10 56
10 76
10 20
10 10
10 -36
10 -30
10 -52
10 70
10 -10
10 -46
10 8
10 -44
10 26
10 28
10 -70
10 -16
10 2392
10 6
10 118
10 62
10 58
10 26
10 14
10 -18
10 -54
10 -68
10 4
10 -52
10 44
10 2386
10 6
10 2382
10 -30
10 -16
10 2
10 64
10 32
20 46
20 -30
20 2
20 -4
20 -40
20 36
20 90
20 -12
20 42
20 2388
20 42
20 8
20 -64
20 -10
20 -20
20 44
20 -26
20 86
20 -12
20 -12
20 10
20 40
20 16
20 36
20 2
20 64
20 2396
20 38
20 66
20 100
20 2368
20 2404
20 10
20 -62
20 18
20 42
20 70
20 -20
20 28
20 36
20 34
20 -18
20 2390
20 44
20 -8
20 2380
20 42
20 -4
20 16
20 14
20 50
20 112
20 80
20 36
20 -46
20 -16
20 -22
20 54
20 2368
20 2396
20 -38
20 76
20 -64
20 56
20 76
20 20
20 10
20 -36
20 -30
20 -52
20 70
20 -10
20 -46
20 8
20 -44
20 26
20 28
20 2382
20 -16
20 2392
20 6
20 118
20 62
20 58
20 26
20 2370
20 -18
20 -54
20 -68
20 4
20 -52
20 44
20 2396
20 6
20 2382
20 -30
20 -16
20 2
20 64
20 32
30 46
30 -30
30 2
30 -4
30 -40
30 36
30 2370
30 -12
30 42
30 2402
30 42
30 8
30 -64
30 -10
30 -20
30 44
30 -26
30 86
30 -12
30 -12
30 10
30 40
30 16
30 36
30 2
30 64
30 2398
30 38
30 66
30 100
30 2372
30 2404
30 10
30 -62
30 18
30 42
30 70
30 -20
30 28
30 36
30 34
30 -18
30 2390
30 44
30 -8
30 2380
30 2378
30 -4
30 16
30 14
30 50
30 112
30 80
30 36
30 -46
30 -16
30 -22
30 54
30 2368
30 2396
30 -38
30 76
30 -64
30 56
30 2362
30 20
30 10
30 -36
30 -30
30 -52
30 70
30 -10
30 -46
30 8
30 -44
30 26
30 28
30 2382
30 -16
30 2392
30 6
30 118
30 62
30 58
30 26
30 2370
30 -18
30 -54
30 2370
30 4
30 -52
30 44
30 2396
30 6
30 2390
30 -30
30 -16
30 2
30 64
30 32
40 46
40 -30
40 2
40 -4
40 -40
40 36
40 2384
40 -12
40 42
40 2402
40 42
40 8
40 -64
40 -10
40 -20
40 44
40 -26
40 86
40 -12
40 -12
40 10
40 40
40 16
40 36
40 2
40 64
40 2398
40 38
40 66
40 100
40 2378
40 2408
40 10
40 -62
40 18
40 42
40 70
40 -20
40 28
40 36
40 34
40 -18
40 2390
40 44
40 -8
40 2380
40 2378
40 -4
40 16
40 14
40 50
40 112
40 80
40 36
40 -46
40 -16
40 -22
40 54
40 2380
40 2396
40 -38
40 76
40 -64
40 56
40 2388
40 20
40 10
40 -36
40 -30
40 -52
40 70
40 -10
40 -46
40 8
40 -44
40 26
40 28
40 2382
40 -16
40 2394
40 6
40 118
40 62
40 58
40 26
40 2392
40 -18
40 -54
40 2382
40 4
40 -52
40 44
40 2396
40 6
40 2390
40 -30
40 -16
40 2
40 64
40 32
50 46
50 -30
50 2
50 -4
50 -40
50 36
50 2384
50 2368
50 42
50 2402
50 42
50 8
50 2374
50 -10
50 -20
50 44
50 -26
50 86
50 -12
50 -12
50 10
50 40
50 16
50 36
50 2
50 64
50 2398
50 38
50 66
50 100
50 2378
50 2408
50 10
50 -62
50 18
50 42
50 70
50 -20
50 28
50 36
50 34
50 -18
50 2390
50 44
50 2362
50 2380
50 2400
50 -4
50 16
50 14
50 50
50 112
50 80
50 36
50 -46
50 -16
50 -22
50 54
50 2380
50 2400
50 -38
50 76
50 -64
50 56
50 2388
50 20
50 10
50 -36
50 -30
50 -52
50 70
50 -10
50 -46
50 8
50 -44
50 26
50 28
50 2394
50 -16
50 2396
50 6
50 118
50 62
50 58
50 26
50 2398
50 -18
50 -54
50 2382
50 4
50 -52
50 44
50 2396
50 6
50 2390
50 -30
50 -16
50 2
50 64
50 32
60 46
60 -30
60 2
60 -4
60 -40
60 36
60 2402
60 2368
60 2370
60 2402
60 42
60 8
60 2374
60 -10
60 -20
60 2394
60 -26
60 86
60 -12
60 -12
60 10
60 40
60 16
60 36
60 2
60 64
60 2398
60 38
60 66
60 100
60 2378
60 2408
60 10
60 -62
60 18
60 42
60 70
60 -20
60 28
60 36
60 34
60 -18
60 2390
60 44
60 2366
60 2388
60 2400
60 2378
60 16
60 14
60 50
60 112
60 80
60 36
60 -46
60 -16
60 -22
60 54
60 2380
60 2404
60 -38
60 76
60 -64
60 56
60 2394
60 20
60 10
60 -36
60 -30
60 -52
60 70
60 -10
60 -46
60 8
60 -44
60 26
60 28
60 2394
60 -16
60 2396
60 6
60 118
60 62
60 58
60 26
60 2398
60 -18
60 -54
60 2382
60 4
60 -52
60 44
60 2396
60 6
60 2390
60 -30
60 -16
60 2
60 64
60 2328
70 46
70 -30
70 2
70 -4
70 -40
70 36
70 2402
70 2368
70 2370
70 2412
70 42
70 8
70 2382
70 -10
70 -20
70 2396
70 -26
70 86
70 -12
70 -12
70 10
70 40
70 16
70 36
70 2
70 64
70 2398
70 38
70 66
70 100
70 2378
70 2408
70 10
70 2392
70 18
70 42
70 70
70 -20
70 28
70 36
70 34
70 -18
70 2390
70 44
70 2366
70 2388
70 2400
70 2396
70 16
70 14
70 50
70 112
70 80
70 36
70 -46
70 -16
70 -22
70 54
70 2380
70 2404
70 -38
70 76
70 2404
70 56
70 2398
70 20
70 10
70 -36
70 -30
70 -52
70 70
70 -10
70 -46
70 8
70 -44
70 26
70 28
70 2400
70 -16
70 2396
70 6
70 118
70 62
70 58
70 26
70 2398
70 -18
70 -54
70 2382
70 4
70 -52
70 44
70 2396
70 6
70 2396
70 -30
70 -16
70 2
70 64
70 2328
80 46
80 -30
80 2
80 -4
80 -40
80 36
80 2402
80 2368
80 2394
80 2412
80 42
80 8
80 2390
80 -10
80 -20
80 2396
80 -26
80 86
80 -12
80 -12
80 10
80 40
80 16
80 36
80 2
80 64
80 2398
80 38
80 66
80 100
80 2384
80 2408
80 10
80 2392
80 18
80 2382
80 70
80 -20
80 28
80 36
80 34
80 -18
80 2390
80 44
80 2366
80 2388
80 2400
80 2396
80 16
80 14
80 50
80 112
80 80
80 36
80 -46
80 -16
80 -22
80 2400
80 2380
80 2404
80 -38
80 76
80 2404
80 56
80 2398
80 20
80 10
80 -36
80 -30
80 2404
80 70
80 -10
80 -46
80 8
80 -44
80 26
80 28
80 2400
80 -16
80 2396
80 6
80 118
80 62
80 58
80 26
80 2398
80 -18
80 2374
80 2382
80 4
80 -52
80 44
80 2402
80 6
80 2396
80 -30
80 -16
80 2
80 64
80 2382
90 46
90 -30
90 2
90 -4
90 -40
90 36
90 2402
90 2386
90 2394
90 2412
90 42
90 8
90 2390
90 -10
90 -20
90 2396
90 -26
90 86
90 -12
90 -12
90 10
90 40
90 16
90 36
90 2
90 64
90 2398
90 38
90 66
90 100
90 2384
90 2408
90 10
90 2404
90 18
90 2382
90 70
90 -20
90 28
90 36
90 34
90 -18
90 2390
90 44
90 2412
90 2388
90 2400
90 2396
90 16
90 14
90 50
90 112
90 80
90 36
90 2384
90 -16
90 -22
90 2400
90 2380
90 2404
90 -38
90 76
90 2404
90 56
90 2398
90 20
90 10
90 -36
90 -30
90 2404
90 70
90 -10
90 -46
90 8
90 -44
90 26
90 28
90 2402
90 -16
90 2396
90 6
90 118
90 62
90 58
90 26
90 2398
90 -18
90 2374
90 2390
90 4
90 2396
90 44
90 2426
90 6
90 2396
90 -30
90 -16
90 2
90 64
90 2386
100 46
100 -30
100 2
100 -4
100 2384
100 36
100 2402
100 2386
100 2394
100 2412
100 2402
100 8
100 2390
100 -10
100 -20
100 2402
100 -26
100 86
100 -12
100 -12
100 10
100 40
100 16
100 36
100 2
100 64
100 2398
100 38
100 66
100 100
100 2384
100 2408
100 10
100 2404
100 18
100 2382
100 70
100 -20
100 28
100 36
100 34
100 -18
100 2390
100 44
100 2412
100 2388
100 2400
100 2402
100 16
100 14
100 50
100 112
100 80
100 36
100 2398
100 -16
100 -22
100 2400
100 2380
100 2404
100 2394
100 76
100 2404
100 56
100 2398
100 20
100 10
100 -36
100 -30
100 2404
100 70
100 -10
100 2376
100 8
100 2380
100 26
100 28
100 2402
100 -16
100 2396
100 6
100 118
100 62
100 58
100 26
100 2398
100 2386
100 2374
100 2390
100 4
100 2396
100 44
100 2426
100 6
100 2396
100 -30
100 -16
100 2
100 64
100 2386
110 46
110 -30
110 2
110 -4
110 2384
110 36
110 2402
110 2386
110 2394
110 2412
110 2402
110 8
110 2390
110 -10
110 -20
110 2402
110 -26
110 86
110 -12
110 -12
110 10
110 40
110 16
110 36
110 2
110 64
110 2398
110 38
110 66
110 100
110 2384
110 2408
110 10
110 2412
110 18
110 2382
110 70
110 -20
110 28
110 36
110 34
110 -18
110 2390
110 44
110 2412
110 2388
110 2404
110 2402
110 16
110 14
110 50
110 112
110 80
110 36
110 2412
110 -16
110 -22
110 2400
110 2380
110 2404
110 2394
110 76
110 2404
110 56
110 2398
110 20
110 10
110 2392
110 -30
110 2404
110 70
110 -10
110 2376
110 8
110 2380
110 26
110 28
110 2402
110 -16
110 2396
110 6
110 118
110 62
110 58
110 26
110 2398
110 2392
110 2402
110 2390
110 4
110 2396
110 44
110 2426
110 6
110 2402
110 -30
110 -16
110 2
110 64
110 2392
120 46
120 2398
120 2
120 -4
120 2384
120 36
120 2402
120 2386
120 2394
120 2412
120 2402
120 8
120 2390
120 -10
120 -20
120 2402
120 2390
120 86
120 -12
120 -12
120 10
120 2384
120 16
120 36
120 2
120 64
120 2398
120 38
120 66
120 100
120 2388
120 2408
120 10
120 2412
120 18
120 2424
120 70
120 -20
120 28
120 36
120 34
120 -18
120 2390
120 44
120 2416
120 2388
120 2404
120 2402
120 16
120 14
120 50
120 112
120 80
120 36
120 2412
120 -16
120 -22
120 2400
120 2380
120 2404
120 2394
120 76
120 2404
120 56
120 2400
120 20
120 10
120 2404
120 2394
120 2404
120 70
120 -10
120 2376
120 8
120 2380
120 26
120 28
120 2402
120 -16
120 2396
120 6
120 118
120 62
120 58
120 26
120 2398
120 2392
120 2402
120 2390
120 4
120 2396
120 44
120 2426
120 6
120 2402
120 2390
120 -16
120 2
120 64
120 2392
130 46
130 2406
130 2
130 -4
130 2384
130 36
130 2402
130 2386
130 2394
130 2412
130 2402
130 8
130 2390
130 -10
130 2392
130 2402
130 2390
130 86
130 -12
130 -12
130 10
130 2384
130 16
130 36
130 2
130 64
130 2398
130 38
130 66
130 100
130 2388
130 2410
130 10
130 2412
130 18
130 2424
130 70
130 2388
130 28
130 36
130 34
130 -18
130 2390
130 44
130 2416
130 2402
130 2404
130 2402
130 16
130 14
130 50
130 2362
130 80
130 36
130 2412
130 -16
130 2386
130 2400
130 2380
130 2404
130 2394
130 76
130 2404
130 56
130 2400
130 20
130 10
130 2404
130 2394
130 2404
130 70
130 -10
130 2376
130 8
130 2380
130 26
130 28
130 2402
130 -16
130 2396
130 6
130 118
130 62
130 58
130 26
130 2398
130 2392
130 2414
130 2390
130 4
130 2402
130 44
130 2426
130 6
130 2402
130 2390
130 -16
130 2
130 64
130 2392
140 46
140 2408
140 2
140 -4
140 2384
140 36
140 2402
140 2386
140 2394
140 2412
140 2402
140 8
140 2390
140 -10
140 2392
140 2402
140 2390
140 86
140 -12
140 -12
140 10
140 2384
140 16
140 36
140 2
140 64
140 2398
140 38
140 66
140 100
140 2388
140 2410
140 10
140 2412
140 18
140 2424
140 70
140 2392
140 28
140 36
140 34
140 2390
140 2390
140 44
140 2422
140 2402
140 2404
140 2402
140 16
140 14
140 50
140 2362
140 80
140 36
140 2424
140 2384
140 2386
140 2400
140 2380
140 2404
140 2394
140 76
140 2404
140 56
140 2400
140 20
140 10
140 2404
140 2394
140 2404
140 70
140 -10
140 2392
140 8
140 2392
140 26
140 28
140 2402
140 2398
140 2396
140 6
140 118
140 62
140 58
140 26
140 2398
140 2392
140 2414
140 2390
140 4
140 2402
140 44
140 2426
140 6
140 2402
140 2390
140 2380
140 2
140 64
140 2392
150 46
150 2408
150 2
150 -4
150 2384
150 36
150 2402
150 2386
150 2394
150 2412
150 2402
150 8
150 2390
150 2386
150 2392
150 2402
150 2390
150 86
150 2390
150 2400
150 2404
150 2384
150 16
150 36
150 2
150 64
150 2404
150 38
150 66
150 100
150 2388
150 2410
150 10
150 2414
150 18
150 2424
150 70
150 2392
150 28
150 36
150 2410
150 2390
150 2390
150 44
150 2422
150 2402
150 2404
150 2402
150 16
150 14
150 50
150 2362
150 80
150 36
150 2424
150 2384
150 2386
150 2400
150 2380
150 2404
150 2402
150 76
150 2404
150 56
150 2400
150 20
150 10
150 2404
150 2394
150 2404
150 70
150 -10
150 2392
150 8
150 2392
150 26
150 28
150 2402
150 2398
150 2396
150 6
150 118
150 62
150 58
150 26
150 2398
150 2392
150 2414
150 2390
150 4
150 2402
150 44
150 2426
150 6
150 2402
150 2390
150 2380
150 2
150 64
150 2392
160 46
160 2408
160 2396
160 2372
160 2390
160 36
160 2406
160 2386
160 2394
160 2412
160 2402
160 8
160 2390
160 2386
160 2392
160 2402
160 2390
160 86
160 2390
160 2400
160 2412
160 2384
160 16
160 36
160 2396
160 64
160 2404
160 38
160 66
160 100
160 2388
160 2410
160 10
160 2414
160 18
160 2424
160 70
160 2392
160 28
160 36
160 2410
160 2390
160 2396
160 44
160 2422
160 2402
160 2404
160 2402
160 16
160 14
160 50
160 2362
160 80
160 36
160 2424
160 2384
160 2386
160 2400
160 2388
160 2404
160 2402
160 76
160 2412
160 56
160 2400
160 20
160 10
160 2404
160 2394
160 2404
160 70
160 2384
160 2392
160 8
160 2392
160 26
160 28
160 2402
160 2398
160 2396
160 6
160 118
160 62
160 58
160 26
160 2398
160 2392
160 2414
160 2390
160 4
160 2402
160 44
160 2426
160 6
160 2402
160 2390
160 2380
160 2
160 64
160 2392
170 46
170 2408
170 2396
170 2372
170 2390
170 36
170 2406
170 2386
170 2402
170 2412
170 2402
170 8
170 2390
170 2386
170 2392
170 2402
170 2390
170 86
170 2390
170 2418
170 2412
170 2384
170 16
170 36
170 2398
170 64
170 2404
170 38
170 66
170 100
170 2388
170 2410
170 10
170 2414
170 18
170 2424
170 70
170 2392
170 28
170 36
170 2410
170 2390
170 2396
170 44
170 2422
170 2402
170 2404
170 2402
170 16
170 14
170 50
170 2362
170 80
170 36
170 2424
170 2384
170 2386
170 2400
170 2388
170 2404
170 2402
170 76
170 2412
170 56
170 2400
170 20
170 10
170 2406
170 2394
170 2404
170 70
170 2414
170 2396
170 8
170 2392
170 26
170 28
170 2402
170 2398
170 2396
170 2390
170 118
170 62
170 58
170 26
170 2398
170 2392
170 2414
170 2390
170 2404
170 2402
170 44
170 2426
170 6
170 2402
170 2390
170 2380
170 2394
170 64
170 2392
180 46
180 2408
180 2396
180 2372
180 2390
180 36
180 2406
180 2386
180 2402
180 2418
180 2402
180 8
180 2390
180 2386
180 2392
180 2402
180 2390
180 86
180 2390
180 2418
180 2412
180 2384
180 16
180 36
180 2398
180 64
180 2404
180 38
180 66
180 100
180 2388
180 2410
180 10
180 2416
180 18
180 2424
180 70
180 2392
180 28
180 36
180 2410
180 2390
180 2396
180 44
180 2422
180 2402
180 2404
180 2402
180 16
180 14
180 50
180 2362
180 80
180 36
180 2424
180 2384
180 2386
180 2400
180 2388
180 2404
180 2402
180 76
180 2416
180 56
180 2400
180 20
180 10
180 2406
180 2394
180 2404
180 70
180 2414
180 2404
180 8
180 2404
180 26
180 28
180 2416
180 2398
180 2396
180 2390
180 118
180 62
180 58
180 26
180 2398
180 2392
180 2416
180 2410
180 2404
180 2402
180 44
180 2426
180 2390
180 2402
180 2390
180 2380
180 2394
180 64
180 2392
190 46
190 2408
190 2396
190 2372
190 2390
190 36
190 2406
190 2386
190 2402
190 2418
190 2402
190 2396
190 2390
190 2386
190 2392
190 2402
190 2390
190 86
190 2390
190 2418
190 2414
190 2384
190 16
190 36
190 2398
190 64
190 2404
190 38
190 66
190 100
190 2388
190 2410
190 10
190 2416
190 18
190 2424
190 70
190 2392
190 28
190 36
190 2410
190 2390
190 2398
190 44
190 2422
190 2402
190 2404
190 2402
190 16
190 2394
190 50
190 2362
190 80
190 36
190 2424
190 2384
190 2386
190 2400
190 2388
190 2404
190 2402
190 76
190 2416
190 56
190 2400
190 20
190 10
190 2406
190 2394
190 2404
190 70
190 2414
190 2410
190 2398
190 2404
190 26
190 28
190 2416
190 2398
190 2396
190 2390
190 118
190 62
190 58
190 26
190 2398
190 2392
190 2416
190 2410
190 2404
190 2402
190 44
190 2426
190 2390
190 2402
190 2390
190 2380
190 2404
190 64
190 2400
200 46
200 2408
200 2396
200 2372
200 2390
200 36
200 2406
200 2386
200 2402
200 2418
200 2402
200 2396
200 2390
200 2386
200 2392
200 2402
200 2390
200 86
200 2390
200 2418
200 2414
200 2384
200 2406
200 36
200 2402
200 64
200 2410
200 38
200 66
200 100
200 2388
200 2410
200 2394
200 2416
200 18
200 2424
200 70
200 2392
200 28
200 36
200 2410
200 2406
200 2398
200 44
200 2422
200 2402
200 2404
200 2402
200 2390
200 2394
200 50
200 2378
200 80
200 36
200 2424
200 2384
200 2386
200 2400
200 2388
200 2404
200 2402
200 76
200 2416
200 56
200 2400
200 20
200 2406
200 2406
200 2394
200 2404
200 70
200 2414
200 2410
200 2398
200 2404
200 26
200 28
200 2416
200 2398
200 2396
200 2390
200 118
200 62
200 58
200 26
200 2398
200 2392
200 2416
200 2410
200 2404
200 2402
200 44
200 2426
200 2390
200 2404
200 2390
200 2380
200 2404
200 64
200 2400
210 46
210 2408
210 2396
210 2372
210 2402
210 2392
210 2406
210 2388
210 2402
210 2418
210 2402
210 2398
210 2390
210 2386
210 2392
210 2402
210 2390
210 86
210 2406
210 2418
210 2414
210 2384
210 2406
210 36
210 2402
210 64
210 2410
210 38
210 2364
210 100
210 2388
210 2410
210 2394
210 2416
210 2378
210 2424
210 70
210 2392
210 28
210 36
210 2410
210 2406
210 2398
210 44
210 2422
210 2402
210 2404
210 2402
210 2400
210 2394
210 50
210 2378
210 80
210 36
210 2424
210 2384
210 2386
210 2402
210 2388
210 2404
210 2402
210 76
210 2416
210 56
210 2400
210 20
210 2406
210 2406
210 2394
210 2404
210 70
210 2414
210 2410
210 2398
210 2404
210 26
210 28
210 2416
210 2398
210 2396
210 2390
210 118
210 62
210 58
210 26
210 2398
210 2392
210 2416
210 2410
210 2404
210 2402
210 44
210 2426
210 2390
210 2404
210 2390
210 2380
210 2404
210 64
210 2400
220 46
220 2408
220 2396
220 2372
220 2402
220 2392
220 2406
220 2388
220 2402
220 2418
220 2402
220 2406
220 2394
220 2386
220 2392
220 2402
220 2390
220 86
220 2406
220 2420
220 2414
220 2384
220 2406
220 36
220 2402
220 64
220 2416
220 38
220 2364
220 100
220 2388
220 2410
220 2394
220 2416
220 2378
220 2424
220 70
220 2392
220 28
220 36
220 2410
220 2406
220 2398
220 44
220 2422
220 2402
220 2404
220 2402
220 2402
220 2394
220 50
220 2378
220 80
220 36
220 2424
220 2384
220 2386
220 2402
220 2388
220 2404
220 2402
220 76
220 2416
220 56
220 2400
220 2402
220 2406
220 2406
220 2394
220 2404
220 70
220 2422
220 2410
220 2398
220 2404
220 2400
220 28
220 2416
220 2398
220 2396
220 2390
220 118
220 62
220 58
220 2418
220 2398
220 2392
220 2416
220 2410
220 2404
220 2402
220 44
220 2426
220 2390
220 2412
220 2390
220 2380
220 2404
220 64
220 2400
230 46
230 2408
230 2396
230 2372
230 2402
230 2392
230 2406
230 2388
230 2402
230 2418
230 2402
230 2406
230 2394
230 2412
230 2392
230 2402
230 2390
230 86
230 2406
230 2420
230 2414
230 2384
230 2406
230 36
230 2402
230 64
230 2416
230 2380
230 2364
230 100
230 2388
230 2410
230 2394
230 2416
230 2378
230 2424
230 70
230 2392
230 2398
230 36
230 2410
230 2406
230 2398
230 44
230 2422
230 2402
230 2404
230 2402
230 2402
230 2400
230 50
230 2378
230 80
230 36
230 2424
230 2384
230 2386
230 2402
230 2388
230 2404
230 2402
230 76
230 2416
230 56
230 2400
230 2402
230 2406
230 2406
230 2394
230 2404
230 2356
230 2422
230 2420
230 2398
230 2404
230 2404
230 2384
230 2416
230 2398
230 2396
230 2390
230 118
230 62
230 58
230 2418
230 2400
230 2392
230 2416
230 2410
230 2404
230 2402
230 44
230 2426
230 2390
230 2412
230 2396
230 2380
230 2404
230 64
230 2400
240 46
240 2408
240 2396
240 2372
240 2402
240 2392
240 2406
240 2390
240 2402
240 2418
240 2402
240 2406
240 2394
240 2412
240 2392
240 2402
240 2390
240 86
240 2406
240 2420
240 2414
240 2384
240 2406
240 2394
240 2402
240 64
240 2416
240 2380
240 2364
240 100
240 2388
240 2410
240 2394
240 2416
240 2378
240 2424
240 70
240 2392
240 2398
240 36
240 2410
240 2406
240 2398
240 44
240 2422
240 2402
240 2404
240 2402
240 2402
240 2400
240 50
240 2378
240 80
240 36
240 2424
240 2384
240 2386
240 2402
240 2400
240 2404
240 2402
240 76
240 2416
240 56
240 2400
240 2402
240 2406
240 2406
240 2394
240 2404
240 2356
240 2422
240 2420
240 2398
240 2404
240 2404
240 2384
240 2416
240 2398
240 2396
240 2408
240 118
240 62
240 58
240 2418
240 2400
240 2392
240 2416
240 2410
240 2410
240 2402
240 44
240 2426
240 2390
240 2414
240 2396
240 2380
240 2404
240 64
240 2400
250 2384
250 2408
250 2396
250 2372
250 2402
250 2392
250 2406
250 2390
250 2402
250 2418
250 2402
250 2406
250 2394
250 2412
250 2392
250 2402
250 2390
250 86
250 2406
250 2420
250 2414
250 2384
250 2406
250 2394
250 2402
250 64
250 2422
250 2388
250 2404
250 100
250 2388
250 2410
250 2394
250 2416
250 2378
250 2424
250 70
250 2392
250 2398
250 2380
250 2410
250 2416
250 2398
250 2380
250 2422
250 2402
250 2404
250 2402
250 2402
250 2400
250 50
250 2378
250 80
250 2400
250 2424
250 2384
250 2386
250 2402
250 2400
250 2404
250 2402
250 76
250 2416
250 56
250 2400
250 2402
250 2406
250 2406
250 2394
250 2404
250 2356
250 2422
250 2420
250 2398
250 2404
250 2404
250 2410
250 2416
250 2398
250 2396
250 2408
250 118
250 62
250 58
250 2418
250 2400
250 2392
250 2416
250 2410
250 2410
250 2402
250 2404
250 2426
250 2390
250 2414
250 2396
250 2380
250 2404
250 64
250 2400
260 2384
260 2408
260 2396
260 2372
260 2402
260 2392
260 2406
260 2390
260 2402
260 2418
260 2402
260 2406
260 2394
260 2412
260 2392
260 2402
260 2412
260 86
260 2406
260 2420
260 2414
260 2384
260 2406
260 2394
260 2402
260 2414
260 2422
260 2388
260 2404
260 100
260 2388
260 2410
260 2394
260 2416
260 2378
260 2424
260 70
260 2404
260 2398
260 2380
260 2410
260 2416
260 2398
260 2380
260 2422
260 2402
260 2404
260 2402
260 2402
260 2400
260 2394
260 2378
260 80
260 2400
260 2424
260 2384
260 2410
260 2402
260 2400
260 2404
260 2402
260 76
260 2416
260 2386
260 2400
260 2402
260 2406
260 2406
260 2394
260 2404
260 2356
260 2422
260 2420
260 2398
260 2404
260 2404
260 2410
260 2416
260 2398
260 2396
260 2408
260 118
260 2402
260 2398
260 2418
260 2404
260 2392
260 2416
260 2410
260 2410
260 2402
260 2404
260 2426
260 2390
260 2414
260 2396
260 2380
260 2404
260 64
260 2400
270 2384
270 2420
270 2396
270 2372
270 2402
270 2392
270 2406
270 2390
270 2402
270 2418
270 2402
270 2406
270 2394
270 2412
270 2392
270 2402
270 2412
270 86
270 2406
270 2420
270 2414
270 2384
270 2406
270 2394
270 2402
270 2414
270 2422
270 2388
270 2404
270 100
270 2388
270 2410
270 2394
270 2416
270 2378
270 2424
270 2396
270 2404
270 2398
270 2408
270 2410
270 2416
270 2398
270 2418
270 2422
270 2402
270 2404
270 2402
270 2402
270 2400
270 2394
270 2378
270 80
270 2400
270 2424
270 2384
270 2422
270 2414
270 2400
270 2404
270 2402
270 76
270 2416
270 2386
270 2400
270 2402
270 2406
270 2406
270 2394
270 2404
270 2356
270 2422
270 2420
270 2398
270 2404
270 2404
270 2410
270 2416
270 2398
270 2396
270 2408
270 118
270 2402
270 2398
270 2418
270 2404
270 2392
270 2416
270 2410
270 2410
270 2410
270 2404
270 2426
270 2390
270 2414
270 2396
270 2380
270 2404
270 2420
270 2400
280 2384
280 2420
280 2396
280 2378
280 2402
280 2392
280 2408
280 2390
280 2402
280 2418
280 2402
280 2406
280 2394
280 2412
280 2392
280 2402
280 2412
280 86
280 2406
280 2420
280 2414
280 2384
280 2406
280 2408
280 2402
280 2414
280 2422
280 2388
280 2404
280 100
280 2388
280 2410
280 2394
280 2416
280 2378
280 2424
280 2396
280 2404
280 2398
280 2408
280 2410
280 2418
280 2398
280 2418
280 2422
280 2402
280 2416
280 2402
280 2402
280 2400
280 2394
280 2378
280 2408
280 2400
280 2424
280 2384
280 2422
280 2414
280 2400
280 2404
280 2402
280 2404
280 2416
280 2386
280 2402
280 2402
280 2406
280 2406
280 2394
280 2404
280 2356
280 2422
280 2420
280 2398
280 2404
280 2404
280 2410
280 2416
280 2398
280 2396
280 2408
280 118
280 2402
280 2398
280 2422
280 2404
280 2392
280 2416
280 2410
280 2410
280 2410
280 2404
280 2426
280 2390
280 2414
280 2396
280 2380
280 2404
280 2420
280 2400
290 2384
290 2420
290 2396
290 2378
290 2402
290 2414
290 2408
290 2390
290 2402
290 2418
290 2402
290 2406
290 2394
290 2412
290 2392
290 2408
290 2412
290 2404
290 2406
290 2420
290 2414
290 2384
290 2406
290 2408
290 2402
290 2414
290 2422
290 2388
290 2404
290 2404
290 2420
290 2410
290 2394
290 2416
290 2380
290 2424
290 2396
290 2404
290 2398
290 2408
290 2410
290 2418
290 2398
290 2418
290 2422
290 2402
290 2416
290 2402
290 2402
290 2400
290 2394
290 2378
290 2408
290 2400
290 2424
290 2384
290 2422
290 2414
290 2400
290 2404
290 2402
290 2404
290 2416
290 2386
290 2402
290 2402
290 2406
290 2406
290 2394
290 2404
290 2356
290 2422
290 2420
290 2398
290 2404
290 2414
290 2410
290 2416
290 2398
290 2396
290 2408
290 2402
290 2404
290 2398
290 2422
290 2404
290 2392
290 2416
290 2410
290 2410
290 2410
290 2404
290 2426
290 2390
290 2414
290 2396
290 2380
290 2404
290 2420
290 2400
300 2384
300 2420
300 2396
300 2392
300 2402
300 2414
300 2408
300 2390
300 2404
300 2418
300 2402
300 2406
300 2394
300 2412
300 2392
300 2408
300 2412
300 2404
300 2406
300 2420
300 2414
300 2384
300 2406
300 2408
300 2402
300 2414
300 2422
300 2388
300 2404
300 2404
300 2420
300 2410
300 2394
300 2416
300 2384
300 2424
300 2396
300 2404
300 2398
300 2408
300 2410
300 2418
300 2398
300 2418
300 2422
300 2402
300 2416
300 2402
300 2402
300 2400
300 2394
300 2404
300 2408
300 2400
300 2424
300 2384
300 2422
300 2414
300 2400
300 2404
300 2402
300 2406
300 2416
300 2386
300 2402
300 2402
300 2406
300 2416
300 2394
300 2404
300 2400
300 2422
300 2420
300 2398
300 2404
300 2414
300 2410
300 2416
300 2412
300 2396
300 2408
300 2402
300 2404
300 2398
300 2422
300 2404
300 2392
300 2416
300 2410
300 2410
300 2410
300 2404
300 2426
300 2390
300 2414
300 2396
300 2388
300 2404
300 2420
300 2400
310 2396
310 2420
310 2396
310 2392
310 2402
310 2414
310 2408
310 2390
310 2404
310 2418
310 2402
310 2406
310 2394
310 2412
310 2392
310 2408
310 2412
310 2404
310 2406
310 2420
310 2414
310 2404
310 2406
310 2408
310 2402
310 2414
310 2422
310 2392
310 2404
310 2404
310 2420
310 2410
310 2394
310 2416
310 2406
310 2424
310 2396
310 2404
310 2398
310 2408
310 2410
310 2418
310 2398
310 2418
310 2422
310 2402
310 2416
310 2402
310 2402
310 2400
310 2394
310 2404
310 2408
310 2400
310 2424
310 2404
310 2422
310 2416
310 2400
310 2404
310 2402
310 2406
310 2416
310 2408
310 2402
310 2402
310 2406
310 2416
310 2394
310 2404
310 2400
310 2422
310 2420
310 2398
310 2404
310 2414
310 2410
310 2416
310 2412
310 2396
310 2408
310 2402
310 2404
310 2398
310 2422
310 2404
310 2394
310 2416
310 2410
310 2410
310 2410
310 2404
310 2426
310 2390
310 2414
310 2396
310 2388
310 2404
310 2420
310 2400
320 2396
320 2420
320 2396
320 2396
320 2402
320 2414
320 2408
320 2396
320 2404
320 2418
320 2402
320 2406
320 2394
320 2412
320 2400
320 2408
320 2412
320 2404
320 2406
320 2420
320 2414
320 2404
320 2412
320 2408
320 2402
320 2414
320 2422
320 2392
320 2404
320 2404
320 2420
320 2410
320 2394
320 2416
320 2406
320 2424
320 2396
320 2404
320 2398
320 2408
320 2410
320 2418
320 2398
320 2418
320 2422
320 2402
320 2416
320 2402
320 2402
320 2400
320 2394
320 2404
320 2408
320 2400
320 2424
320 2404
320 2422
320 2416
320 2400
320 2404
320 2402
320 2406
320 2416
320 2408
320 2402
320 2402
320 2406
320 2416
320 2394
320 2404
320 2400
320 2422
320 2420
320 2398
320 2404
320 2414
320 2410
320 2416
320 2412
320 2402
320 2408
320 2402
320 2422
320 2398
320 2422
320 2404
320 2394
320 2416
320 2410
320 2410
320 2410
320 2404
320 2426
320 2394
320 2414
320 2396
320 2396
320 2412
320 2420
320 2400
330 2396
330 2420
330 2396
330 2396
330 2402
330 2414
330 2408
330 2402
330 2404
330 2418
330 2402
330 2406
330 2408
330 2412
330 2400
330 2408
330 2412
330 2404
330 2410
330 2420
330 2414
330 2404
330 2412
330 2408
330 2402
330 2414
330 2422
330 2408
330 2404
330 2404
330 2420
330 2410
330 2398
330 2416
330 2406
330 2424
330 2396
330 2404
330 2408
330 2408
330 2410
330 2418
330 2398
330 2418
330 2422
330 2402
330 2416
330 2414
330 2402
330 2400
330 2416
330 2404
330 2408
330 2400
330 2424
330 2404
330 2422
330 2416
330 2400
330 2404
330 2402
330 2406
330 2416
330 2408
330 2402
330 2402
330 2406
330 2416
330 2394
330 2404
330 2404
330 2422
330 2420
330 2398
330 2404
330 2414
330 2410
330 2416
330 2412
330 2402
330 2408
330 2402
330 2422
330 2398
330 2422
330 2404
330 2394
330 2416
330 2410
330 2410
330 2410
330 2404
330 2426
330 2394
330 2420
330 2396
330 2396
330 2412
330 2420
330 2400
340 2396
340 2420
340 2396
340 2396
340 2402
340 2414
340 2408
340 2402
340 2404
340 2418
340 2402
340 2406
340 2408
340 2412
340 2400
340 2408
340 2418
340 2404
340 2410
340 2420
340 2414
340 2404
340 2426
340 2408
340 2402
340 2414
340 2422
340 2408
340 2416
340 2404
340 2420
340 2410
340 2398
340 2416
340 2406
340 2424
340 2396
340 2404
340 2408
340 2408
340 2410
340 2418
340 2398
340 2418
340 2422
340 2402
340 2416
340 2414
340 2402
340 2400
340 2416
340 2404
340 2408
340 2400
340 2424
340 2404
340 2422
340 2416
340 2400
340 2404
340 2402
340 2406
340 2416
340 2408
340 2402
340 2402
340 2406
340 2416
340 2404
340 2404
340 2404
340 2422
340 2420
340 2398
340 2404
340 2414
340 2410
340 2416
340 2412
340 2402
340 2412
340 2402
340 2422
340 2398
340 2422
340 2404
340 2406
340 2416
340 2410
340 2410
340 2410
340 2404
340 2426
340 2418
340 2420
340 2396
340 2396
340 2412
340 2420
340 2400
350 2402
350 2420
350 2408
350 2406
350 2402
350 2414
350 2408
350 2402
350 2404
350 2418
350 2402
350 2406
350 2408
350 2412
350 2400
350 2408
350 2418
350 2404
350 2410
350 2420
350 2414
350 2404
350 2426
350 2408
350 2402
350 2414
350 2422
350 2408
350 2416
350 2404
350 2420
350 2410
350 2398
350 2416
350 2406
350 2424
350 2404
350 2404
350 2408
350 2408
350 2410
350 2418
350 2398
350 2418
350 2422
350 2402
350 2416
350 2414
350 2402
350 2400
350 2416
350 2404
350 2408
350 2400
350 2424
350 2404
350 2422
350 2416
350 2400
350 2414
350 2402
350 2412
350 2416
350 2408
350 2402
350 2406
350 2406
350 2416
350 2404
350 2404
350 2404
350 2422
350 2420
350 2398
350 2404
350 2414
350 2410
350 2416
350 2412
350 2402
350 2412
350 2402
350 2422
350 2398
350 2422
350 2404
350 2406
350 2416
350 2410
350 2410
350 2410
350 2404
350 2426
350 2418
350 2420
350 2416
350 2396
350 2412
350 2420
350 2400
360 2402
360 2420
360 2408
360 2406
360 2404
360 2414
360 2408
360 2402
360 2404
360 2418
360 2402
360 2406
360 2408
360 2412
360 2400
360 2408
360 2418
360 2404
360 2410
360 2420
360 2414
360 2404
360 2426
360 2408
360 2402
360 2414
360 2422
360 2408
360 2416
360 2404
360 2420
360 2410
360 2404
360 2416
360 2406
360 2424
360 2404
360 2406
360 2408
360 2408
360 2410
360 2418
360 2398
360 2418
360 2422
360 2412
360 2416
360 2414
360 2402
360 2410
360 2416
360 2404
360 2408
360 2404
360 2424
360 2404
360 2422
360 2416
360 2400
360 2414
360 2402
360 2412
360 2416
360 2408
360 2402
360 2406
360 2406
360 2416
360 2404
360 2404
360 2404
360 2422
360 2420
360 2398
360 2404
360 2414
360 2410
360 2416
360 2412
360 2402
360 2412
360 2406
360 2428
360 2398
360 2422
360 2404
360 2406
360 2416
360 2410
360 2410
360 2410
360 2404
360 2426
360 2418
360 2420
360 2416
360 2404
360 2412
360 2420
360 2400
370 2402
370 2420
370 2408
370 2406
370 2404
370 2414
370 2408
370 2402
370 2404
370 2418
370 2402
370 2406
370 2408
370 2412
370 2408
370 2408
370 2418
370 2404
370 2410
370 2420
370 2414
370 2404
370 2426
370 2408
370 2402
370 2414
370 2422
370 2408
370 2416
370 2404
370 2420
370 2410
370 2404
370 2416
370 2406
370 2424
370 2404
370 2406
370 2408
370 2408
370 2410
370 2418
370 2402
370 2418
370 2422
370 2412
370 2416
370 2414
370 2402
370 2410
370 2416
370 2404
370 2408
370 2404
370 2424
370 2404
370 2422
370 2416
370 2402
370 2414
370 2402
370 2412
370 2416
370 2408
370 2402
370 2406
370 2406
370 2416
370 2404
370 2404
370 2404
370 2422
370 2420
370 2408
370 2404
370 2414
370 2410
370 2416
370 2412
370 2402
370 2412
370 2406
370 2428
370 2406
370 2422
370 2404
370 2420
370 2416
370 2410
370 2410
370 2410
370 2404
370 2426
370 2418
370 2420
370 2416
370 2404
370 2412
370 2420
370 2404
380 2404
380 2420
380 2408
380 2406
380 2404
380 2414
380 2408
380 2408
380 2404
380 2418
380 2408
380 2406
380 2408
380 2412
380 2408
380 2408
380 2418
380 2404
380 2410
380 2420
380 2414
380 2404
380 2426
380 2408
380 2412
380 2414
380 2422
380 2408
380 2416
380 2404
380 2420
380 2410
380 2404
380 2418
380 2406
380 2424
380 2404
380 2406
380 2408
380 2408
380 2410
380 2418
380 2406
380 2418
380 2422
380 2412
380 2416
380 2414
380 2414
380 2410
380 2416
380 2404
380 2408
380 2404
380 2424
380 2404
380 2422
380 2416
380 2414
380 2414
380 2402
380 2412
380 2416
380 2408
380 2402
380 2406
380 2406
380 2416
380 2404
380 2404
380 2404
380 2422
380 2420
380 2408
380 2404
380 2414
380 2416
380 2416
380 2412
380 2402
380 2412
380 2406
380 2428
380 2406
380 2422
380 2404
380 2420
380 2416
380 2410
380 2410
380 2410
380 2404
380 2426
380 2418
380 2420
380 2416
380 2404
380 2412
380 2420
380 2404
390 2404
390 2420
390 2408
390 2406
390 2404
390 2414
390 2408
390 2408
390 2404
390 2418
390 2412
390 2406
390 2408
390 2412
390 2408
390 2408
390 2418
390 2404
390 2410
390 2420
390 2414
390 2404
390 2426
390 2408
390 2412
390 2414
390 2422
390 2408
390 2416
390 2422
390 2420
390 2410
390 2404
390 2418
390 2412
390 2424
390 2404
390 2406
390 2408
390 2408
390 2410
390 2418
390 2406
390 2418
390 2422
390 2412
390 2416
390 2414
390 2414
390 2410
390 2416
390 2412
390 2408
390 2404
390 2424
390 2404
390 2422
390 2416
390 2414
390 2414
390 2410
390 2412
390 2416
390 2408
390 2394
390 2410
390 2406
390 2416
390 2404
390 2404
390 2404
390 2422
390 2420
390 2408
390 2404
390 2414
390 2416
390 2416
390 2412
390 2402
390 2412
390 2406
390 2428
390 2410
390 2422
390 2404
390 2420
390 2416
390 2410
390 2410
390 2410
390 2404
390 2426
390 2418
390 2420
390 2416
390 2404
390 2412
390 2420
390 2404
400 2404
400 2420
400 2408
400 2406
400 2404
400 2414
400 2408
400 2408
400 2404
400 2418
400 2412
400 2406
400 2408
400 2412
400 2408
400 2408
400 2418
400 2404
400 2410
400 2420
400 2414
400 2404
400 2426
400 2408
400 2412
400 2414
400 2422
400 2408
400 2416
400 2422
400 2420
400 2428
400 2404
400 2418
400 2412
400 2424
400 2416
400 2406
400 2408
400 2408
400 2410
400 2418
400 2406
400 2418
400 2422
400 2412
400 2418
400 2414
400 2414
400 2410
400 2416
400 2412
400 2408
400 2404
400 2424
400 2404
400 2422
400 2418
400 2414
400 2414
400 2410
400 2412
400 2416
400 2408
400 2408
400 2410
400 2406
400 2416
400 2404
400 2404
400 2404
400 2422
400 2420
400 2408
400 2404
400 2414
400 2416
400 2416
400 2412
400 2402
400 2414
400 2406
400 2428
400 2410
400 2422
400 2404
400 2420
400 2416
400 2410
400 2410
400 2410
400 2404
400 2426
400 2418
400 2420
400 2416
400 2414
400 2412
400 2420
400 2404
410 2402
410 2420
410 2408
410 2406
410 2404
410 2414
410 2408
410 2408
410 2424
410 2418
410 2418
410 2406
410 2408
410 2412
410 2414
410 2408
410 2418
410 2410
410 2410
410 2420
410 2414
410 2404
410 2426
410 2408
410 2412
410 2414
410 2422
410 2410
410 2416
410 2422
410 2420
410 2428
410 2404
410 2418
410 2412
410 2424
410 2416
410 2406
410 2408
410 2408
410 2410
410 2418
410 2406
410 2418
410 2422
410 2412
410 2418
410 2414
410 2414
410 2410
410 2416
410 2412
410 2408
410 2404
410 2424
410 2404
410 2422
410 2418
410 2414
410 2414
410 2410
410 2420
410 2416
410 2408
410 2408
410 2410
410 2406
410 2416
410 2404
410 2404
410 2404
410 2422
410 2420
410 2408
410 2404
410 2414
410 2416
410 2416
410 2412
410 2408
410 2414
410 2406
410 2428
410 2410
410 2422
410 2404
410 2420
410 2416
410 2410
410 2412
410 2410
410 2404
410 2426
410 2418
410 2420
410 2416
410 2414
410 2412
410 2420
410 2404
420 2422
420 2420
420 2408
420 2406
420 2412
420 2414
420 2408
420 2408
420 2424
420 2418
420 2418
420 2406
420 2408
420 2412
420 2420
420 2408
420 2418
420 2410
420 2410
420 2420
420 2414
420 2404
420 2426
420 2408
420 2412
420 2414
420 2422
420 2410
420 2416
420 2422
420 2420
420 2428
420 2404
420 2418
420 2412
420 2424
420 2416
420 2406
420 2408
420 2408
420 2410
420 2418
420 2406
420 2418
420 2422
420 2412
420 2418
420 2414
420 2414
420 2410
420 2416
420 2412
420 2408
420 2406
420 2424
420 2404
420 2422
420 2418
420 2414
420 2414
420 2410
420 2420
420 2416
420 2408
420 2408
420 2410
420 2410
420 2416
420 2404
420 2404
420 2404
420 2422
420 2420
420 2408
420 2404
420 2414
420 2416
420 2416
420 2412
420 2408
420 2414
420 2406
420 2428
420 2418
420 2422
420 2404
420 2420
420 2416
420 2410
420 2412
420 2410
420 2404
420 2426
420 2418
420 2426
420 2416
420 2416
420 2412
420 2420
420 2404
430 2422
430 2420
430 2408
430 2406
430 2412
430 2414
430 2408
430 2408
430 2424
430 2418
430 2418
430 2406
430 2408
430 2412
430 2420
430 2408
430 2418
430 2422
430 2410
430 2420
430 2414
430 2406
430 2426
430 2408
430 2412
430 2414
430 2422
430 2410
430 2416
430 2422
430 2420
430 2428
430 2410
430 2418
430 2412
430 2424
430 2416
430 2406
430 2408
430 2408
430 2410
430 2418
430 2406
430 2418
430 2422
430 2412
430 2418
430 2420
430 2414
430 2410
430 2416
430 2412
430 2408
430 2406
430 2424
430 2414
430 2422
430 2418
430 2414
430 2414
430 2410
430 2420
430 2416
430 2408
430 2408
430 2410
430 2410
430 2416
430 2412
430 2408
430 2400
430 2422
430 2420
430 2408
430 2404
430 2414
430 2416
430 2416
430 2412
430 2408
430 2414
430 2406
430 2428
430 2418
430 2422
430 2404
430 2420
430 2416
430 2410
430 2412
430 2410
430 2404
430 2426
430 2418
430 2426
430 2416
430 2416
430 2412
430 2422
430 2404
440 2422
440 2420
440 2408
440 2406
440 2412
440 2414
440 2408
440 2408
440 2424
440 2418
440 2418
440 2406
440 2408
440 2412
440 2420
440 2408
440 2418
440 2422
440 2410
440 2420
440 2414
440 2406
440 2426
440 2408
440 2412
440 2414
440 2422
440 2410
440 2416
440 2428
440 2420
440 2428
440 2410
440 2418
440 2412
440 2424
440 2416
440 2406
440 2414
440 2408
440 2410
440 2418
440 2406
440 2418
440 2422
440 2412
440 2418
440 2420
440 2422
440 2410
440 2416
440 2412
440 2408
440 2406
440 2424
440 2414
440 2422
440 2418
440 2414
440 2414
440 2410
440 2420
440 2416
440 2408
440 2408
440 2410
440 2410
440 2416
440 2412
440 2408
440 2410
440 2422
440 2420
440 2408
440 2400
440 2414
440 2416
440 2416
440 2412
440 2408
440 2416
440 2410
440 2428
440 2418
440 2422
440 2404
440 2420
440 2416
440 2410
440 2412
440 2410
440 2404
440 2426
440 2418
440 2426
440 2416
440 2416
440 2412
440 2422
440 2410
450 2422
450 2420
450 2408
450 2412
450 2412
450 2414
450 2408
450 2408
450 2424
450 2418
450 2418
450 2406
450 2408
450 2412
450 2420
450 2408
450 2418
450 2422
450 2410
450 2420
450 2414
450 2414
450 2426
450 2408
450 2412
450 2414
450 2422
450 2410
450 2416
450 2428
450 2420
450 2428
450 2410
450 2418
450 2412
450 2424
450 2416
450 2406
450 2414
450 2408
450 2410
450 2418
450 2406
450 2418
450 2422
450 2412
450 2418
450 2420
450 2422
450 2410
450 2416
450 2412
450 2408
450 2420
450 2424
450 2414
450 2422
450 2418
450 2414
450 2414
450 2410
450 2420
450 2416
450 2408
450 2408
450 2410
450 2410
450 2416
450 2412
450 2410
450 2410
450 2422
450 2420
450 2408
450 2414
450 2414
450 2416
450 2416
450 2412
450 2408
450 2416
450 2410
450 2428
450 2418
450 2422
450 2420
450 2420
450 2416
450 2410
450 2412
450 2410
450 2418
450 2426
450 2418
450 2426
450 2416
450 2416
450 2412
450 2422
450 2410
460 2422
460 2420
460 2408
460 2412
460 2412
460 2414
460 2408
460 2408
460 2424
460 2418
460 2418
460 2408
460 2408
460 2412
460 2420
460 2408
460 2418
460 2422
460 2410
460 2420
460 2414
460 2414
460 2426
460 2408
460 2416
460 2414
460 2422
460 2410
460 2416
460 2428
460 2420
460 2428
460 2410
460 2418
460 2412
460 2424
460 2416
460 2410
460 2414
460 2408
460 2410
460 2418
460 2406
460 2418
460 2422
460 2412
460 2418
460 2426
460 2422
460 2410
460 2416
460 2412
460 2408
460 2420
460 2424
460 2414
460 2422
460 2424
460 2414
460 2414
460 2410
460 2420
460 2416
460 2408
460 2408
460 2410
460 2410
460 2416
460 2412
460 2410
460 2410
460 2422
460 2420
460 2408
460 2414
460 2416
460 2416
460 2416
460 2414
460 2408
460 2416
460 2410
460 2428
460 2418
460 2422
460 2420
460 2420
460 2416
460 2410
460 2412
460 2410
460 2418
460 2426
460 2418
460 2426
460 2416
460 2416
460 2412
460 2422
460 2410
470 2422
470 2420
470 2422
470 2412
470 2412
470 2414
470 2408
470 2408
470 2424
470 2418
470 2418
470 2408
470 2408
470 2412
470 2420
470 2408
470 2418
470 2422
470 2410
470 2420
470 2414
470 2414
470 2426
470 2408
470 2416
470 2414
470 2422
470 2410
470 2416
470 2428
470 2420
470 2428
470 2410
470 2418
470 2412
470 2424
470 2416
470 2410
470 2414
470 2408
470 2410
470 2418
470 2422
470 2418
470 2422
470 2412
470 2418
470 2426
470 2422
470 2412
470 2416
470 2412
470 2408
470 2420
470 2424
470 2414
470 2422
470 2424
470 2420
470 2416
470 2410
470 2420
470 2416
470 2418
470 2408
470 2410
470 2410
470 2416
470 2412
470 2410
470 2410
470 2422
470 2420
470 2408
470 2414
470 2416
470 2416
470 2416
470 2424
470 2408
470 2416
470 2410
470 2428
470 2418
470 2422
470 2420
470 2420
470 2416
470 2410
470 2412
470 2410
470 2418
470 2426
470 2418
470 2426
470 2416
470 2416
470 2412
470 2422
470 2410
480 2422
480 2420
480 2422
480 2412
480 2412
480 2414
480 2418
480 2418
480 2424
480 2418
480 2418
480 2408
480 2408
480 2412
480 2420
480 2408
480 2418
480 2422
480 2410
480 2420
480 2414
480 2414
480 2426
480 2408
480 2416
480 2414
480 2422
480 2414
480 2416
480 2428
480 2420
480 2428
480 2410
480 2418
480 2412
480 2424
480 2416
480 2410
480 2414
480 2408
480 2410
480 2418
480 2422
480 2418
480 2422
480 2412
480 2418
480 2426
480 2422
480 2412
480 2420
480 2412
480 2408
480 2420
480 2424
480 2414
480 2422
480 2424
480 2420
480 2416
480 2422
480 2420
480 2416
480 2418
480 2410
480 2410
480 2410
480 2416
480 2412
480 2410
480 2410
480 2422
480 2420
480 2408
480 2414
480 2416
480 2416
480 2416
480 2424
480 2408
480 2424
480 2410
480 2428
480 2418
480 2422
480 2420
480 2420
480 2416
480 2410
480 2412
480 2410
480 2420
480 2426
480 2418
480 2426
480 2416
480 2416
480 2412
480 2422
480 2410
490 2422
490 2420
490 2422
490 2412
490 2412
490 2414
490 2418
490 2418
490 2424
490 2418
490 2418
490 2412
490 2416
490 2412
490 2420
490 2408
490 2418
490 2422
490 2410
490 2420
490 2414
490 2414
490 2426
490 2408
490 2416
490 2414
490 2422
490 2414
490 2416
490 2428
490 2420
490 2428
490 2410
490 2418
490 2416
490 2424
490 2416
490 2410
490 2418
490 2408
490 2410
490 2418
490 2422
490 2418
490 2422
490 2418
490 2418
490 2426
490 2422
490 2416
490 2420
490 2412
490 2408
490 2420
490 2424
490 2414
490 2422
490 2424
490 2420
490 2416
490 2422
490 2420
490 2416
490 2418
490 2410
490 2410
490 2410
490 2416
490 2412
490 2410
490 2410
490 2422
490 2420
490 2408
490 2414
490 2416
490 2416
490 2420
490 2424
490 2408
490 2424
490 2410
490 2428
490 2418
490 2426
490 2420
490 2420
490 2416
490 2410
490 2412
490 2410
490 2420
490 2426
490 2418
490 2426
490 2416
490 2416
490 2412
490 2422
490 2410
500 2422
500 2420
500 2422
500 2412
500 2412
500 2414
500 2418
500 2418
500 2424
500 2418
500 2418
500 2412
500 2416
500 2412
500 2420
500 2422
500 2418
500 2422
500 2418
500 2420
500 2414
500 2414
500 2426
500 2414
500 2416
500 2414
500 2422
500 2414
500 2416
500 2428
500 2420
500 2428
500 2410
500 2418
500 2416
500 2424
500 2416
500 2410
500 2418
500 2418
500 2410
500 2420
500 2422
500 2418
500 2426
500 2418
500 2418
500 2426
500 2422
500 2416
500 2420
500 2412
500 2402
500 2420
500 2424
500 2414
500 2422
500 2424
500 2420
500 2416
500 2422
500 2420
500 2416
500 2418
500 2410
500 2410
500 2410
500 2416
500 2412
500 2410
500 2410
500 2422
500 2420
500 2408
500 2414
500 2416
500 2416
500 2420
500 2424
500 2408
500 2424
500 2410
500 2428
500 2418
500 2426
500 2420
500 2420
500 2416
500 2410
500 2412
500 2410
500 2420
500 2426
500 2418
500 2426
500 2416
500 2416
500 2412
500 2422
500 2412
510 2422
510 2420
510 2422
510 2412
510 2412
510 2414
510 2418
510 2418
510 2424
510 2418
510 2418
510 2412
510 2416
510 2412
510 2420
510 2422
510 2418
510 2422
510 2418
510 2420
510 2414
510 2416
510 2426
510 2414
510 2416
510 2418
510 2422
510 2414
510 2416
510 2428
510 2420
510 2428
510 2410
510 2418
510 2416
510 2424
510 2416
510 2410
510 2418
510 2418
510 2410
510 2420
510 2422
510 2418
510 2426
510 2418
510 2418
510 2426
510 2422
510 2416
510 2420
510 2412
510 2418
510 2424
510 2424
510 2414
510 2422
510 2424
510 2420
510 2416
510 2422
510 2420
510 2416
510 2418
510 2410
510 2410
510 2410
510 2416
510 2412
510 2410
510 2410
510 2422
510 2420
510 2422
510 2414
510 2416
510 2416
510 2424
510 2424
510 2408
510 2424
510 2410
510 2428
510 2418
510 2426
510 2420
510 2420
510 2416
510 2410
510 2412
510 2410
510 2420
510 2426
510 2418
510 2426
510 2416
510 2416
510 2412
510 2422
510 2412
520 2422
520 2420
520 2422
520 2412
520 2412
520 2414
520 2418
520 2418
520 2424
520 2418
520 2418
520 2412
520 2416
520 2412
520 2420
520 2422
520 2418
520 2422
520 2418
520 2420
520 2414
520 2416
520 2426
520 2414
520 2416
520 2418
520 2422
520 2416
520 2416
520 2428
520 2420
520 2428
520 2414
520 2418
520 2416
520 2424
520 2416
520 2420
520 2418
520 2418
520 2410
520 2420
520 2422
520 2418
520 2426
520 2418
520 2418
520 2428
520 2422
520 2416
520 2420
520 2412
520 2418
520 2424
520 2424
520 2414
520 2422
520 2424
520 2420
520 2416
520 2422
520 2420
520 2416
520 2418
520 2410
520 2410
520 2410
520 2416
520 2412
520 2410
520 2410
520 2422
520 2420
520 2422
520 2414
520 2416
520 2416
520 2424
520 2424
520 2410
520 2424
520 2410
520 2428
520 2418
520 2426
520 2420
520 2420
520 2416
520 2412
520 2416
520 2410
520 2420
520 2426
520 2418
520 2426
520 2416
520 2416
520 2418
520 2422
520 2412
530 2422
530 2420
530 2422
530 2414
530 2412
530 2414
530 2418
530 2418
530 2424
530 2418
530 2418
530 2414
530 2418
530 2412
530 2420
530 2422
530 2418
530 2422
530 2418
530 2420
530 2414
530 2416
530 2426
530 2414
530 2416
530 2418
530 2422
530 2416
530 2420
530 2428
530 2420
530 2428
530 2414
530 2418
530 2416
530 2424
530 2416
530 2420
530 2418
530 2418
530 2410
530 2420
530 2422
530 2418
530 2426
530 2418
530 2418
530 2428
530 2422
530 2416
530 2420
530 2412
530 2418
530 2424
530 2424
530 2414
530 2422
530 2424
530 2420
530 2416
530 2422
530 2420
530 2422
530 2418
530 2410
530 2410
530 2410
530 2416
530 2412
530 2410
530 2410
530 2422
530 2420
530 2422
530 2414
530 2418
530 2416
530 2424
530 2424
530 2418
530 2424
530 2410
530 2428
530 2418
530 2426
530 2420
530 2420
530 2416
530 2412
530 2416
530 2428
530 2420
530 2426
530 2418
530 2428
530 2416
530 2416
530 2418
530 2422
530 2412
540 2422
540 2420
540 2422
540 2414
540 2412
540 2414
540 2418
540 2418
540 2424
540 2418
540 2418
540 2414
540 2418
540 2412
540 2420
540 2422
540 2418
540 2422
540 2418
540 2420
540 2414
540 2416
540 2426
540 2414
540 2416
540 2418
540 2422
540 2424
540 2420
540 2428
540 2420
540 2428
540 2414
540 2418
540 2416
540 2424
540 2416
540 2420
540 2418
540 2418
540 2418
540 2420
540 2422
540 2418
540 2426
540 2418
540 2418
540 2428
540 2424
540 2416
540 2420
540 2412
540 2418
540 2424
540 2424
540 2414
540 2422
540 2424
540 2420
540 2416
540 2422
540 2420
540 2422
540 2420
540 2414
540 2412
540 2414
540 2416
540 2412
540 2416
540 2410
540 2422
540 2420
540 2422
540 2414
540 2418
540 2416
540 2424
540 2424
540 2418
540 2424
540 2410
540 2428
540 2418
540 2426
540 2420
540 2420
540 2416
540 2412
540 2416
540 2428
540 2420
540 2426
540 2418
540 2428
540 2416
540 2416
540 2418
540 2422
540 2412
550 2422
550 2420
550 2422
550 2414
550 2420
550 2418
550 2418
550 2418
550 2424
550 2418
550 2418
550 2414
550 2418
550 2414
550 2420
550 2422
550 2418
550 2422
550 2418
550 2420
550 2414
550 2416
550 2426
550 2414
550 2416
550 2418
550 2422
550 2424
550 2420
550 2428
550 2420
550 2428
550 2414
550 2418
550 2416
550 2424
550 2416
550 2420
550 2418
550 2418
550 2418
550 2420
550 2422
550 2418
550 2426
550 2418
550 2418
550 2428
550 2424
550 2416
550 2420
550 2414
550 2418
550 2424
550 2426
550 2414
550 2426
550 2424
550 2420
550 2416
550 2422
550 2424
550 2422
550 2420
550 2414
550 2412
550 2414
550 2416
550 2412
550 2416
550 2420
550 2422
550 2420
550 2422
550 2414
550 2418
550 2416
550 2424
550 2424
550 2418
550 2424
550 2412
550 2428
550 2418
550 2426
550 2420
550 2420
550 2416
550 2412
550 2416
550 2428
550 2420
550 2426
550 2418
550 2428
550 2416
550 2416
550 2418
550 2422
550 2412
560 2422
560 2420
560 2422
560 2414
560 2420
560 2418
560 2418
560 2418
560 2424
560 2418
560 2418
560 2414
560 2418
560 2414
560 2420
560 2424
560 2418
560 2422
560 2418
560 2420
560 2414
560 2416
560 2426
560 2414
560 2416
560 2418
560 2422
560 2424
560 2420
560 2428
560 2420
560 2428
560 2414
560 2422
560 2416
560 2424
560 2416
560 2420
560 2418
560 2418
560 2418
560 2420
560 2422
560 2418
560 2426
560 2418
560 2418
560 2428
560 2424
560 2416
560 2420
560 2414
560 2418
560 2424
560 2426
560 2414
560 2426
560 2424
560 2420
560 2416
560 2422
560 2424
560 2422
560 2420
560 2414
560 2414
560 2414
560 2416
560 2414
560 2416
560 2420
560 2422
560 2420
560 2422
560 2414
560 2418
560 2416
560 2424
560 2424
560 2418
560 2424
560 2414
560 2428
560 2418
560 2426
560 2420
560 2424
560 2416
560 2414
560 2416
560 2428
560 2420
560 2426
560 2418
560 2428
560 2416
560 2416
560 2418
560 2422
560 2412
570 2422
570 2420
570 2422
570 2416
570 2420
570 2418
570 2418
570 2418
570 2424
570 2418
570 2418
570 2414
570 2418
570 2414
570 2420
570 2424
570 2418
570 2422
570 2418
570 2420
570 2414
570 2416
570 2426
570 2414
570 2416
570 2418
570 2422
570 2424
570 2420
570 2428
570 2422
570 2428
570 2420
570 2422
570 2416
570 2424
570 2416
570 2420
570 2418
570 2418
570 2420
570 2420
570 2422
570 2418
570 2426
570 2418
570 2418
570 2428
570 2426
570 2416
570 2420
570 2414
570 2418
570 2424
570 2426
570 2414
570 2426
570 2424
570 2420
570 2416
570 2422
570 2424
570 2422
570 2420
570 2422
570 2414
570 2414
570 2416
570 2420
570 2416
570 2420
570 2422
570 2420
570 2422
570 2414
570 2418
570 2416
570 2424
570 2424
570 2418
570 2424
570 2414
570 2428
570 2418
570 2426
570 2420
570 2424
570 2416
570 2414
570 2416
570 2428
570 2420
570 2426
570 2418
570 2428
570 2416
570 2416
570 2418
570 2422
570 2414
580 2422
580 2420
580 2422
580 2416
580 2420
580 2420
580 2418
580 2418
580 2424
580 2418
580 2418
580 2418
580 2418
580 2418
580 2420
580 2424
580 2418
580 2422
580 2418
580 2420
580 2416
580 2416
580 2426
580 2414
580 2416
580 2418
580 2422
580 2424
580 2420
580 2428
580 2422
580 2428
580 2420
580 2422
580 2416
580 2424
580 2416
580 2420
580 2418
580 2418
580 2420
580 2420
580 2422
580 2418
580 2426
580 2418
580 2418
580 2428
580 2426
580 2416
580 2420
580 2414
580 2420
580 2424
580 2426
580 2414
580 2426
580 2424
580 2420
580 2416
580 2422
580 2424
580 2422
580 2420
580 2422
580 2414
580 2414
580 2416
580 2420
580 2416
580 2420
580 2422
580 2420
580 2422
580 2414
580 2428
580 2416
580 2424
580 2424
580 2418
580 2424
580 2414
580 2428
580 2422
580 2426
580 2420
580 2424
580 2416
580 2414
580 2420
580 2428
580 2420
580 2426
580 2418
580 2428
580 2416
580 2416
580 2418
580 2422
580 2414
590 2422
590 2420
590 2422
590 2416
590 2420
590 2420
590 2418
590 2418
590 2424
590 2418
590 2418
590 2418
590 2418
590 2424
590 2420
590 2424
590 2418
590 2422
590 2418
590 2420
590 2416
590 2416
590 2426
590 2414
590 2416
590 2418
590 2422
590 2424
590 2420
590 2428
590 2422
590 2428
590 2420
590 2422
590 2416
590 2424
590 2416
590 2420
590 2418
590 2418
590 2420
590 2420
590 2422
590 2418
590 2426
590 2418
590 2418
590 2428
590 2426
590 2416
590 2420
590 2414
590 2420
590 2424
590 2426
590 2414
590 2426
590 2424
590 2420
590 2416
590 2422
590 2424
590 2422
590 2428
590 2422
590 2414
590 2414
590 2416
590 2420
590 2418
590 2420
590 2424
590 2420
590 2424
590 2414
590 2428
590 2416
590 2424
590 2424
590 2418
590 2424
590 2414
590 2428
590 2422
590 2426
590 2420
590 2424
590 2416
590 2414
590 2420
590 2428
590 2420
590 2426
590 2418
590 2428
590 2416
590 2416
590 2418
590 2422
590 2414
600 2422
600 2420
600 2422
600 2416
600 2420
600 2420
600 2418
600 2418
600 2424
600 2418
600 2418
600 2418
600 2418
600 2424
600 2420
600 2424
600 2418
600 2422
600 2418
600 2420
600 2416
600 2416
600 2426
600 2416
600 2416
600 2418
600 2422
600 2424
600 2420
600 2428
600 2422
600 2428
600 2420
600 2422
600 2416
600 2424
600 2416
600 2420
600 2418
600 2418
600 2420
600 2424
600 2422
600 2422
600 2426
600 2418
600 2418
600 2428
600 2426
600 2416
600 2420
600 2422
600 2420
600 2424
600 2426
600 2428
600 2426
600 2424
600 2430
600 2416
600 2422
600 2424
600 2422
600 2428
600 2422
600 2414
600 2414
600 2416
600 2420
600 2418
600 2420
600 2424
600 2420
600 2424
600 2414
600 2428
600 2416
600 2424
600 2424
600 2418
600 2424
600 2414
600 2428
600 2422
600 2426
600 2420
600 2424
600 2416
600 2414
600 2420
600 2428
600 2420
600 2426
600 2418
600 2428
600 2418
600 2416
600 2418
600 2422
600 2414
610 2422
610 2420
610 2422
610 2416
610 2422
610 2420
610 2418
610 2418
610 2424
610 2418
610 2418
610 2420
610 2418
610 2424
610 2420
610 2424
610 2418
610 2422
610 2418
610 2420
610 2416
610 2416
610 2426
610 2416
610 2416
610 2418
610 2422
610 2424
610 2420
610 2428
610 2422
610 2428
610 2420
610 2422
610 2416
610 2424
610 2416
610 2420
610 2418
610 2418
610 2420
610 2424
610 2422
610 2422
610 2426
610 2418
610 2418
610 2428
610 2426
610 2416
610 2420
610 2422
610 2420
610 2424
610 2426
610 2428
610 2426
610 2424
610 2430
610 2416
610 2422
610 2424
610 2422
610 2428
610 2422
610 2424
610 2416
610 2416
610 2420
610 2418
610 2420
610 2424
610 2420
610 2424
610 2424
610 2428
610 2416
610 2424
610 2424
610 2418
610 2424
610 2414
610 2428
610 2422
610 2426
610 2420
610 2424
610 2416
610 2414
610 2420
610 2428
610 2420
610 2426
610 2418
610 2428
610 2418
610 2416
610 2418
610 2422
610 2414
620 2422
620 2420
620 2422
620 2422
620 2422
620 2420
620 2418
620 2418
620 2424
620 2418
620 2418
620 2420
620 2418
620 2424
620 2420
620 2424
620 2418
620 2422
620 2418
620 2420
620 2420
620 2416
620 2426
620 2416
620 2416
620 2418
620 2422
620 2424
620 2420
620 2428
620 2422
620 2428
620 2420
620 2422
620 2416
620 2424
620 2416
620 2420
620 2418
620 2418
620 2420
620 2424
620 2422
620 2422
620 2426
620 2418
620 2418
620 2428
620 2426
620 2416
620 2420
620 2422
620 2422
620 2424
620 2426
620 2428
620 2426
620 2424
620 2430
620 2416
620 2422
620 2424
620 2422
620 2428
620 2422
620 2424
620 2416
620 2416
620 2420
620 2418
620 2420
620 2424
620 2420
620 2424
620 2424
620 2428
620 2416
620 2424
620 2424
620 2418
620 2424
620 2422
620 2428
620 2422
620 2426
620 2420
620 2424
620 2416
620 2422
620 2420
620 2428
620 2420
620 2426
620 2418
620 2428
620 2418
620 2416
620 2418
620 2422
620 2416
630 2422
630 2420
630 2422
630 2422
630 2422
630 2420
630 2418
630 2418
630 2424
630 2418
630 2422
630 2420
630 2418
630 2424
630 2420
630 2424
630 2418
630 2422
630 2424
630 2420
630 2420
630 2416
630 2426
630 2416
630 2416
630 2418
630 2422
630 2424
630 2420
630 2428
630 2422
630 2428
630 2420
630 2422
630 2416
630 2424
630 2416
630 2428
630 2418
630 2426
630 2420
630 2424
630 2422
630 2422
630 2426
630 2418
630 2418
630 2428
630 2426
630 2416
630 2420
630 2422
630 2422
630 2424
630 2426
630 2428
630 2426
630 2424
630 2430
630 2416
630 2422
630 2424
630 2422
630 2428
630 2422
630 2424
630 2416
630 2416
630 2420
630 2418
630 2420
630 2424
630 2420
630 2424
630 2424
630 2428
630 2416
630 2424
630 2424
630 2418
630 2424
630 2422
630 2428
630 2422
630 2426
630 2420
630 2424
630 2416
630 2422
630 2422
630 2428
630 2420
630 2426
630 2418
630 2428
630 2418
630 2416
630 2418
630 2422
630 2416
640 2422
640 2420
640 2422
640 2422
640 2422
640 2420
640 2418
640 2418
640 2424
640 2418
640 2422
640 2420
640 2418
640 2424
640 2420
640 2424
640 2418
640 2422
640 2424
640 2420
640 2428
640 2418
640 2426
640 2420
640 2416
640 2418
640 2422
640 2424
640 2420
640 2428
640 2422
640 2428
640 2420
640 2422
640 2416
640 2424
640 2416
640 2428
640 2418
640 2426
640 2420
640 2424
640 2422
640 2422
640 2426
640 2418
640 2418
640 2428
640 2426
640 2416
640 2420
640 2422
640 2422
640 2424
640 2426
640 2428
640 2426
640 2424
640 2430
640 2416
640 2422
640 2424
640 2422
640 2428
640 2422
640 2424
640 2416
640 2416
640 2420
640 2418
640 2424
640 2424
640 2420
640 2424
640 2424
640 2428
640 2416
640 2424
640 2424
640 2418
640 2424
640 2422
640 2428
640 2422
640 2426
640 2420
640 2424
640 2416
640 2422
640 2422
640 2428
640 2420
640 2426
640 2418
640 2428
640 2418
640 2416
640 2418
640 2422
640 2416
650 2422
650 2420
650 2422
650 2422
650 2422
650 2420
650 2418
650 2418
650 2424
650 2418
650 2422
650 2420
650 2418
650 2424
650 2424
650 2424
650 2418
650 2422
650 2424
650 2420
650 2428
650 2418
650 2426
650 2420
650 2418
650 2418
650 2422
650 2424
650 2420
650 2428
650 2422
650 2428
650 2420
650 2422
650 2424
650 2424
650 2422
650 2428
650 2418
650 2426
650 2420
650 2424
650 2422
650 2422
650 2426
650 2418
650 2418
650 2428
650 2426
650 2416
650 2420
650 2422
650 2422
650 2426
650 2426
650 2428
650 2426
650 2424
650 2430
650 2416
650 2422
650 2424
650 2422
650 2428
650 2426
650 2424
650 2416
650 2416
650 2420
650 2418
650 2424
650 2424
650 2420
650 2424
650 2424
650 2428
650 2416
650 2424
650 2424
650 2418
650 2424
650 2422
650 2428
650 2422
650 2426
650 2420
650 2424
650 2416
650 2422
650 2422
650 2428
650 2420
650 2426
650 2418
650 2430
650 2418
650 2416
650 2418
650 2422
650 2416
660 2422
660 2422
660 2422
660 2422
660 2422
660 2420
660 2418
660 2418
660 2424
660 2418
660 2422
660 2420
660 2418
660 2424
660 2424
660 2424
660 2418
660 2422
660 2424
660 2420
660 2428
660 2418
660 2426
660 2420
660 2418
660 2418
660 2422
660 2424
660 2420
660 2428
660 2424
660 2428
660 2420
660 2422
660 2424
660 2424
660 2422
660 2428
660 2418
660 2426
660 2420
660 2424
660 2422
660 2422
660 2426
660 2420
660 2418
660 2430
660 2426
660 2418
660 2420
660 2422
660 2424
660 2426
660 2426
660 2428
660 2426
660 2424
660 2430
660 2410
660 2422
660 2424
660 2422
660 2428
660 2426
660 2424
660 2416
660 2416
660 2420
660 2418
660 2424
660 2424
660 2420
660 2424
660 2424
660 2428
660 2416
660 2424
660 2424
660 2418
660 2424
660 2422
660 2428
660 2422
660 2426
660 2420
660 2424
660 2416
660 2422
660 2426
660 2428
660 2420
660 2426
660 2418
660 2430
660 2418
660 2418
660 2418
660 2422
660 2416
670 2422
670 2422
670 2422
670 2422
670 2422
670 2420
670 2418
670 2418
670 2424
670 2418
670 2422
670 2420
670 2418
670 2424
670 2424
670 2424
670 2418
670 2422
670 2424
670 2420
670 2428
670 2418
670 2426
670 2420
670 2418
670 2418
670 2422
670 2424
670 2420
670 2428
670 2424
670 2428
670 2420
670 2422
670 2424
670 2424
670 2422
670 2428
670 2418
670 2426
670 2420
670 2424
670 2422
670 2422
670 2426
670 2420
670 2418
670 2430
670 2432
670 2418
670 2420
670 2422
670 2424
670 2426
670 2426
670 2428
670 2426
670 2424
670 2430
670 2418
670 2422
670 2424
670 2422
670 2428
670 2426
670 2424
670 2416
670 2416
670 2420
670 2418
670 2424
670 2424
670 2420
670 2424
670 2424
670 2428
670 2416
670 2424
670 2424
670 2424
670 2426
670 2422
670 2428
670 2422
670 2426
670 2420
670 2424
670 2416
670 2422
670 2426
670 2428
670 2420
670 2426
670 2418
670 2430
670 2418
670 2418
670 2418
670 2422
670 2420
680 2422
680 2422
680 2422
680 2422
680 2422
680 2420
680 2418
680 2418
680 2424
680 2418
680 2422
680 2420
680 2418
680 2424
680 2424
680 2424
680 2418
680 2422
680 2424
680 2420
680 2428
680 2418
680 2426
680 2420
680 2418
680 2418
680 2422
680 2424
680 2420
680 2428
680 2424
680 2428
680 2420
680 2422
680 2424
680 2424
680 2422
680 2428
680 2418
680 2426
680 2420
680 2424
680 2426
680 2422
680 2426
680 2420
680 2418
680 2430
680 2432
680 2418
680 2420
680 2422
680 2424
680 2426
680 2426
680 2428
680 2426
680 2424
680 2430
680 2418
680 2422
680 2424
680 2422
680 2428
680 2426
680 2424
680 2414
680 2416
680 2420
680 2418
680 2424
680 2424
680 2420
680 2424
680 2424
680 2428
680 2416
680 2424
680 2424
680 2424
680 2426
680 2422
680 2428
680 2422
680 2426
680 2420
680 2424
680 2416
680 2422
680 2426
680 2428
680 2420
680 2426
680 2418
680 2430
680 2418
680 2418
680 2418
680 2422
680 2420
690 2422
690 2422
690 2422
690 2422
690 2422
690 2420
690 2418
690 2418
690 2426
690 2418
690 2422
690 2420
690 2418
690 2424
690 2424
690 2424
690 2418
690 2422
690 2424
690 2420
690 2428
690 2418
690 2426
690 2420
690 2418
690 2418
690 2422
690 2424
690 2420
690 2428
690 2424
690 2428
690 2420
690 2422
690 2424
690 2424
690 2422
690 2428
690 2418
690 2426
690 2420
690 2424
690 2426
690 2422
690 2426
690 2420
690 2418
690 2430
690 2432
690 2418
690 2420
690 2422
690 2424
690 2426
690 2426
690 2428
690 2426
690 2424
690 2430
690 2418
690 2422
690 2424
690 2422
690 2428
690 2426
690 2424
690 2420
690 2422
690 2420
690 2418
690 2424
690 2424
690 2420
690 2424
690 2424
690 2428
690 2422
690 2424
690 2424
690 2424
690 2426
690 2422
690 2428
690 2422
690 2426
690 2420
690 2424
690 2416
690 2422
690 2426
690 2428
690 2420
690 2426
690 2418
690 2430
690 2418
690 2418
690 2418
690 2422
690 2420
700 2422
700 2422
700 2422
700 2422
700 2422
700 2420
700 2422
700 2420
700 2426
700 2424
700 2422
700 2420
700 2422
700 2428
700 2424
700 2424
700 2418
700 2426
700 2424
700 2420
700 2428
700 2418
700 2426
700 2420
700 2418
700 2418
700 2422
700 2424
700 2420
700 2428
700 2424
700 2428
700 2420
700 2422
700 2424
700 2424
700 2422
700 2428
700 2418
700 2426
700 2420
700 2424
700 2426
700 2422
700 2426
700 2420
700 2418
700 2430
700 2432
700 2418
700 2420
700 2422
700 2424
700 2426
700 2426
700 2428
700 2426
700 2424
700 2430
700 2418
700 2422
700 2424
700 2424
700 2428
700 2426
700 2424
700 2420
700 2422
700 2420
700 2418
700 2424
700 2424
700 2420
700 2424
700 2424
700 2428
700 2422
700 2430
700 2424
700 2424
700 2426
700 2422
700 2428
700 2422
700 2426
700 2420
700 2424
700 2420
700 2422
700 2426
700 2428
700 2420
700 2426
700 2418
700 2430
700 2418
700 2418
700 2418
700 2422
700 2420
710 2422
710 2422
710 2422
710 2422
710 2422
710 2420
710 2422
710 2420
710 2426
710 2424
710 2422
710 2420
710 2422
710 2428
710 2424
710 2424
710 2422
710 2426
710 2424
710 2420
710 2428
710 2420
710 2426
710 2420
710 2412
710 2418
710 2422
710 2424
710 2420
710 2428
710 2424
710 2428
710 2420
710 2422
710 2424
710 2424
710 2422
710 2428
710 2418
710 2426
710 2422
710 2424
710 2426
710 2422
710 2426
710 2420
710 2426
710 2430
710 2432
710 2418
710 2420
710 2422
710 2424
710 2426
710 2426
710 2428
710 2426
710 2424
710 2430
710 2418
710 2422
710 2424
710 2430
710 2428
710 2426
710 2424
710 2420
710 2422
710 2420
710 2418
710 2424
710 2424
710 2420
710 2424
710 2424
710 2428
710 2426
710 2430
710 2424
710 2424
710 2426
710 2430
710 2428
710 2422
710 2426
710 2420
710 2424
710 2420
710 2422
710 2426
710 2428
710 2420
710 2426
710 2418
710 2430
710 2418
710 2426
710 2418
710 2422
710 2420
720 2422
720 2422
720 2422
720 2428
720 2422
720 2420
720 2422
720 2420
720 2426
720 2424
720 2422
720 2420
720 2422
720 2428
720 2424
720 2424
720 2422
720 2426
720 2424
720 2420
720 2428
720 2420
720 2426
720 2422
720 2426
720 2410
720 2422
720 2424
720 2420
720 2428
720 2424
720 2428
720 2420
720 2422
720 2424
720 2424
720 2422
720 2428
720 2418
720 2426
720 2422
720 2424
720 2426
720 2422
720 2426
720 2420
720 2426
720 2430
720 2432
720 2418
720 2420
720 2422
720 2424
720 2426
720 2426
720 2428
720 2426
720 2424
720 2430
720 2418
720 2422
720 2424
720 2430
720 2428
720 2426
720 2424
720 2428
720 2422
720 2420
720 2418
720 2426
720 2424
720 2420
720 2424
720 2424
720 2428
720 2426
720 2430
720 2424
720 2424
720 2426
720 2430
720 2428
720 2422
720 2426
720 2420
720 2424
720 2420
720 2422
720 2426
720 2428
720 2420
720 2426
720 2418
720 2430
720 2418
720 2426
720 2418
720 2422
720 2420
730 2422
730 2422
730 2422
730 2428
730 2422
730 2420
730 2422
730 2420
730 2426
730 2424
730 2422
730 2420
730 2422
730 2428
730 2424
730 2424
730 2422
730 2426
730 2424
730 2420
730 2428
730 2420
730 2426
730 2422
730 2426
730 2420
730 2422
730 2424
730 2420
730 2428
730 2424
730 2428
730 2420
730 2422
730 2424
730 2424
730 2422
730 2428
730 2424
730 2426
730 2422
730 2424
730 2426
730 2426
730 2426
730 2420
730 2426
730 2430
730 2432
730 2420
730 2420
730 2422
730 2424
730 2426
730 2426
730 2428
730 2426
730 2424
730 2430
730 2418
730 2422
730 2424
730 2430
730 2428
730 2426
730 2424
730 2428
730 2422
730 2420
730 2418
730 2426
730 2424
730 2420
730 2424
730 2424
730 2428
730 2426
730 2430
730 2424
730 2424
730 2426
730 2430
730 2428
730 2422
730 2426
730 2420
730 2424
730 2420
730 2422
730 2426
730 2428
730 2420
730 2426
730 2418
730 2430
730 2418
730 2426
730 2426
730 2422
730 2420
740 2422
740 2422
740 2422
740 2428
740 2422
740 2422
740 2422
740 2420
740 2426
740 2424
740 2422
740 2420
740 2422
740 2428
740 2424
740 2424
740 2422
740 2426
740 2424
740 2420
740 2428
740 2420
740 2426
740 2422
740 2426
740 2420
740 2422
740 2424
740 2420
740 2428
740 2424
740 2428
740 2420
740 2422
740 2424
740 2424
740 2422
740 2428
740 2424
740 2426
740 2422
740 2424
740 2426
740 2426
740 2426
740 2420
740 2426
740 2430
740 2432
740 2422
740 2420
740 2422
740 2424
740 2426
740 2426
740 2428
740 2426
740 2424
740 2430
740 2422
740 2422
740 2424
740 2430
740 2428
740 2426
740 2424
740 2428
740 2422
740 2424
740 2420
740 2426
740 2424
740 2420
740 2424
740 2424
740 2428
740 2426
740 2430
740 2424
740 2424
740 2426
740 2430
740 2428
740 2422
740 2426
740 2420
740 2424
740 2420
740 2422
740 2426
740 2428
740 2420
740 2426
740 2414
740 2430
740 2418
740 2426
740 2426
740 2422
740 2420
750 2422
750 2422
750 2422
750 2428
750 2422
750 2422
750 2422
750 2420
750 2426
750 2424
750 2422
750 2420
750 2422
750 2428
750 2424
750 2424
750 2422
750 2428
750 2424
750 2420
750 2428
750 2420
750 2426
750 2422
750 2426
750 2420
750 2422
750 2424
750 2420
750 2428
750 2424
750 2428
750 2420
750 2422
750 2424
750 2424
750 2422
750 2428
750 2424
750 2426
750 2422
750 2424
750 2426
750 2426
750 2426
750 2420
750 2426
750 2430
750 2432
750 2422
750 2420
750 2422
750 2424
750 2426
750 2426
750 2428
750 2426
750 2424
750 2430
750 2422
750 2422
750 2424
750 2430
750 2428
750 2426
750 2424
750 2428
750 2422
750 2424
750 2420
750 2426
750 2424
750 2420
750 2424
750 2424
750 2428
750 2426
750 2430
750 2424
750 2424
750 2426
750 2430
750 2428
750 2422
750 2426
750 2420
750 2428
750 2420
750 2422
750 2426
750 2428
750 2420
750 2426
750 2420
750 2430
750 2418
750 2426
750 2428
750 2422
750 2420
760 2422
760 2422
760 2422
760 2428
760 2422
760 2422
760 2422
760 2424
760 2426
760 2424
760 2422
760 2428
760 2422
760 2428
760 2424
760 2424
760 2422
760 2428
760 2424
760 2420
760 2428
760 2420
760 2426
760 2422
760 2426
760 2420
760 2422
760 2424
760 2420
760 2428
760 2432
760 2430
760 2420
760 2422
760 2424
760 2424
760 2422
760 2428
760 2424
760 2426
760 2422
760 2424
760 2426
760 2426
760 2426
760 2420
760 2426
760 2430
760 2432
760 2422
760 2420
760 2422
760 2424
760 2426
760 2426
760 2428
760 2426
760 2424
760 2430
760 2422
760 2422
760 2424
760 2430
760 2428
760 2426
760 2424
760 2428
760 2422
760 2424
760 2422
760 2426
760 2424
760 2420
760 2424
760 2424
760 2428
760 2426
760 2430
760 2424
760 2424
760 2426
760 2430
760 2428
760 2422
760 2426
760 2420
760 2428
760 2420
760 2422
760 2426
760 2428
760 2420
760 2426
760 2420
760 2430
760 2422
760 2426
760 2428
760 2422
760 2420
770 2422
770 2426
770 2422
770 2428
770 2422
770 2422
770 2422
770 2424
770 2426
770 2424
770 2422
770 2428
770 2422
770 2428
770 2424
770 2424
770 2422
770 2428
770 2424
770 2422
770 2428
770 2422
770 2426
770 2422
770 2426
770 2418
770 2422
770 2424
770 2420
770 2428
770 2432
770 2430
770 2420
770 2422
770 2424
770 2424
770 2422
770 2428
770 2424
770 2426
770 2422
770 2424
770 2426
770 2426
770 2426
770 2420
770 2426
770 2430
770 2432
770 2424
770 2420
770 2422
770 2424
770 2426
770 2430
770 2428
770 2426
770 2424
770 2430
770 2422
770 2422
770 2424
770 2430
770 2428
770 2426
770 2424
770 2428
770 2422
770 2424
770 2422
770 2426
770 2424
770 2420
770 2424
770 2424
770 2428
770 2426
770 2430
770 2424
770 2424
770 2426
770 2430
770 2428
770 2422
770 2426
770 2420
770 2428
770 2420
770 2422
770 2426
770 2428
770 2420
770 2426
770 2420
770 2430
770 2422
770 2426
770 2428
770 2422
770 2420
780 2422
780 2426
780 2422
780 2428
780 2422
780 2422
780 2422
780 2424
780 2426
780 2424
780 2422
780 2428
780 2422
780 2428
780 2424
780 2424
780 2422
780 2428
780 2424
780 2422
780 2428
780 2422
780 2426
780 2422
780 2426
780 2426
780 2422
780 2424
780 2422
780 2428
780 2432
780 2430
780 2424
780 2422
780 2424
780 2424
780 2422
780 2428
780 2424
780 2426
780 2422
780 2424
780 2426
780 2426
780 2426
780 2424
780 2426
780 2430
780 2432
780 2424
780 2420
780 2422
780 2424
780 2426
780 2430
780 2428
780 2426
780 2424
780 2430
780 2422
780 2422
780 2424
780 2430
780 2428
780 2426
780 2428
780 2428
780 2422
780 2424
780 2422
780 2426
780 2424
780 2422
780 2424
780 2424
780 2428
780 2426
780 2430
780 2424
780 2424
780 2426
780 2430
780 2428
780 2422
780 2426
780 2420
780 2428
780 2420
780 2422
780 2426
780 2428
780 2420
780 2426
780 2420
780 2430
780 2422
780 2426
780 2428
780 2422
780 2420
790 2422
790 2426
790 2422
790 2428
790 2422
790 2422
790 2422
790 2424
790 2426
790 2430
790 2422
790 2428
790 2422
790 2428
790 2424
790 2424
790 2422
790 2428
790 2424
790 2422
790 2428
790 2422
790 2426
790 2422
790 2426
790 2426
790 2422
790 2424
790 2424
790 2428
790 2432
790 2430
790 2424
790 2422
790 2424
790 2424
790 2422
790 2428
790 2424
790 2426
790 2422
790 2424
790 2426
790 2426
790 2426
790 2424
790 2426
790 2430
790 2432
790 2424
790 2422
790 2422
790 2424
790 2426
790 2430
790 2428
790 2426
790 2424
790 2430
790 2422
790 2422
790 2424
790 2430
790 2428
790 2426
790 2428
790 2428
790 2422
790 2424
790 2422
790 2426
790 2424
790 2422
790 2424
790 2424
790 2428
790 2426
790 2430
790 2424
790 2424
790 2426
790 2430
790 2430
790 2422
790 2426
790 2422
790 2428
790 2422
790 2422
790 2426
790 2428
790 2426
790 2426
790 2420
790 2430
790 2422
790 2426
790 2428
790 2422
790 2420
800 2426
800 2426
800 2422
800 2428
800 2422
800 2422
800 2422
800 2424
800 2426
800 2430
800 2422
800 2428
800 2422
800 2428
800 2424
800 2424
800 2424
800 2428
800 2424
800 2422
800 2428
800 2422
800 2426
800 2422
800 2426
800 2426
800 2422
800 2424
800 2424
800 2428
800 2432
800 2430
800 2424
800 2422
800 2424
800 2424
800 2422
800 2428
800 2424
800 2426
800 2422
800 2424
800 2428
800 2426
800 2426
800 2424
800 2426
800 2430
800 2432
800 2424
800 2422
800 2422
800 2424
800 2426
800 2430
800 2428
800 2426
800 2424
800 2430
800 2422
800 2422
800 2424
800 2430
800 2428
800 2426
800 2428
800 2428
800 2422
800 2424
800 2422
800 2426
800 2424
800 2422
800 2424
800 2424
800 2428
800 2426
800 2430
800 2424
800 2424
800 2426
800 2430
800 2430
800 2422
800 2426
800 2422
800 2428
800 2422
800 2422
800 2430
800 2428
800 2426
800 2426
800 2424
800 2430
800 2422
800 2426
800 2428
800 2422
800 2420
810 2426
810 2430
810 2424
810 2428
810 2428
810 2422
810 2422
810 2424
810 2426
810 2430
810 2422
810 2428
810 2422
810 2428
810 2424
810 2424
810 2424
810 2428
810 2424
810 2422
810 2428
810 2422
810 2426
810 2422
810 2426
810 2426
810 2422
810 2424
810 2424
810 2428
810 2432
810 2430
810 2424
810 2422
810 2424
810 2424
810 2422
810 2428
810 2424
810 2426
810 2422
810 2424
810 2428
810 2426
810 2426
810 2424
810 2430
810 2430
810 2432
810 2426
810 2422
810 2422
810 2424
810 2426
810 2430
810 2428
810 2426
810 2424
810 2430
810 2422
810 2422
810 2424
810 2430
810 2428
810 2426
810 2428
810 2428
810 2422
810 2424
810 2422
810 2426
810 2424
810 2422
810 2424
810 2424
810 2428
810 2426
810 2430
810 2424
810 2424
810 2426
810 2430
810 2430
810 2422
810 2426
810 2422
810 2428
810 2422
810 2422
810 2430
810 2428
810 2426
810 2426
810 2424
810 2430
810 2422
810 2426
810 2428
810 2422
810 2422
820 2426
820 2430
820 2424
820 2428
820 2428
820 2424
820 2406
820 2424
820 2426
820 2430
820 2422
820 2428
820 2424
820 2428
820 2424
820 2424
820 2424
820 2428
820 2424
820 2424
820 2428
820 2422
820 2426
820 2422
820 2426
820 2426
820 2422
820 2424
820 2424
820 2428
820 2432
820 2430
820 2424
820 2422
820 2424
820 2424
820 2422
820 2428
820 2424
820 2426
820 2422
820 2424
820 2428
820 2426
820 2426
820 2424
820 2430
820 2430
820 2432
820 2426
820 2422
820 2426
820 2424
820 2426
820 2430
820 2428
820 2426
820 2424
820 2430
820 2422
820 2422
820 2424
820 2430
820 2428
820 2426
820 2428
820 2428
820 2422
820 2424
820 2422
820 2426
820 2424
820 2422
820 2424
820 2424
820 2428
820 2426
820 2430
820 2426
820 2424
820 2426
820 2430
820 2430
820 2422
820 2426
820 2422
820 2428
820 2422
820 2422
820 2430
820 2428
820 2426
820 2426
820 2424
820 2430
820 2422
820 2426
820 2428
820 2422
820 2422
830 2426
830 2430
830 2424
830 2428
830 2428
830 2428
830 2426
830 2424
830 2426
830 2430
830 2426
830 2428
830 2424
830 2428
830 2424
830 2424
830 2424
830 2428
830 2424
830 2424
830 2428
830 2426
830 2426
830 2422
830 2426
830 2426
830 2422
830 2424
830 2424
830 2428
830 2432
830 2430
830 2424
830 2422
830 2424
830 2424
830 2422
830 2428
830 2424
830 2426
830 2424
830 2424
830 2428
830 2426
830 2426
830 2424
830 2430
830 2430
830 2432
830 2426
830 2422
830 2426
830 2424
830 2426
830 2430
830 2428
830 2426
830 2424
830 2430
830 2424
830 2422
830 2424
830 2430
830 2428
830 2426
830 2428
830 2428
830 2422
830 2424
830 2422
830 2426
830 2424
830 2422
830 2424
830 2424
830 2428
830 2426
830 2430
830 2426
830 2424
830 2426
830 2430
830 2430
830 2422
830 2426
830 2422
830 2428
830 2422
830 2422
830 2430
830 2428
830 2426
830 2426
830 2424
830 2430
830 2422
830 2426
830 2428
830 2432
830 2422
840 2426
840 2430
840 2424
840 2428
840 2428
840 2428
840 2426
840 2428
840 2426
840 2430
840 2426
840 2428
840 2424
840 2428
840 2424
840 2424
840 2424
840 2428
840 2424
840 2424
840 2428
840 2426
840 2426
840 2424
840 2426
840 2426
840 2428
840 2424
840 2424
840 2428
840 2432
840 2430
840 2424
840 2426
840 2424
840 2424
840 2426
840 2428
840 2424
840 2426
840 2424
840 2424
840 2428
840 2426
840 2426
840 2424
840 2430
840 2430
840 2432
840 2426
840 2424
840 2426
840 2424
840 2426
840 2430
840 2428
840 2426
840 2424
840 2430
840 2424
840 2414
840 2424
840 2430
840 2428
840 2426
840 2428
840 2428
840 2426
840 2424
840 2422
840 2426
840 2424
840 2422
840 2424
840 2424
840 2428
840 2426
840 2430
840 2426
840 2424
840 2426
840 2430
840 2430
840 2422
840 2426
840 2422
840 2428
840 2422
840 2422
840 2430
840 2428
840 2426
840 2426
840 2424
840 2430
840 2422
840 2426
840 2428
840 2432
840 2422
850 2426
850 2430
850 2424
850 2428
850 2428
850 2428
850 2426
850 2428
850 2426
850 2430
850 2426
850 2428
850 2424
850 2428
850 2424
850 2424
850 2424
850 2428
850 2424
850 2424
850 2428
850 2426
850 2426
850 2424
850 2426
850 2426
850 2428
850 2424
850 2424
850 2428
850 2432
850 2430
850 2424
850 2426
850 2424
850 2424
850 2426
850 2428
850 2424
850 2426
850 2424
850 2424
850 2428
850 2426
850 2426
850 2424
850 2430
850 2430
850 2432
850 2426
850 2424
850 2426
850 2424
850 2426
850 2430
850 2428
850 2426
850 2424
850 2430
850 2424
850 2426
850 2424
850 2430
850 2428
850 2426
850 2428
850 2428
850 2426
850 2424
850 2426
850 2426
850 2424
850 2414
850 2424
850 2424
850 2428
850 2426
850 2430
850 2426
850 2424
850 2426
850 2430
850 2430
850 2422
850 2426
850 2422
850 2428
850 2422
850 2422
850 2430
850 2428
850 2426
850 2428
850 2424
850 2430
850 2424
850 2426
850 2428
850 2432
850 2422
860 2426
860 2430
860 2424
860 2428
860 2428
860 2428
860 2426
860 2428
860 2426
860 2430
860 2426
860 2428
860 2424
860 2428
860 2424
860 2428
860 2424
860 2428
860 2424
860 2424
860 2428
860 2426
860 2426
860 2424
860 2426
860 2426
860 2428
860 2424
860 2424
860 2428
860 2432
860 2430
860 2424
860 2426
860 2424
860 2424
860 2426
860 2428
860 2426
860 2426
860 2424
860 2424
860 2428
860 2426
860 2428
860 2424
860 2430
860 2430
860 2432
860 2426
860 2424
860 2426
860 2424
860 2426
860 2430
860 2428
860 2426
860 2424
860 2430
860 2424
860 2426
860 2424
860 2430
860 2428
860 2426
860 2428
860 2428
860 2426
860 2424
860 2426
860 2426
860 2424
860 2424
860 2424
860 2424
860 2428
860 2426
860 2430
860 2426
860 2424
860 2426
860 2430
860 2430
860 2428
860 2426
860 2426
860 2428
860 2422
860 2422
860 2430
860 2430
860 2426
860 2428
860 2424
860 2430
860 2424
860 2426
860 2428
860 2432
860 2422
870 2426
870 2430
870 2424
870 2428
870 2428
870 2428
870 2426
870 2428
870 2426
870 2430
870 2426
870 2428
870 2424
870 2428
870 2424
870 2428
870 2424
870 2428
870 2424
870 2424
870 2428
870 2426
870 2426
870 2424
870 2426
870 2426
870 2428
870 2424
870 2424
870 2428
870 2432
870 2430
870 2424
870 2426
870 2424
870 2424
870 2426
870 2428
870 2426
870 2426
870 2424
870 2424
870 2428
870 2426
870 2428
870 2424
870 2430
870 2430
870 2432
870 2426
870 2424
870 2426
870 2424
870 2430
870 2430
870 2428
870 2426
870 2424
870 2430
870 2424
870 2426
870 2424
870 2430
870 2428
870 2426
870 2428
870 2428
870 2428
870 2424
870 2426
870 2426
870 2428
870 2424
870 2424
870 2428
870 2428
870 2426
870 2430
870 2426
870 2424
870 2426
870 2430
870 2430
870 2428
870 2426
870 2426
870 2428
870 2424
870 2424
870 2430
870 2430
870 2426
870 2428
870 2426
870 2430
870 2424
870 2426
870 2428
870 2432
870 2422
880 2426
880 2430
880 2412
880 2428
880 2428
880 2428
880 2426
880 2428
880 2426
880 2430
880 2426
880 2428
880 2426
880 2428
880 2424
880 2428
880 2424
880 2428
880 2424
880 2426
880 2428
880 2426
880 2426
880 2424
880 2426
880 2426
880 2428
880 2424
880 2424
880 2428
880 2432
880 2430
880 2424
880 2426
880 2424
880 2424
880 2426
880 2428
880 2426
880 2426
880 2424
880 2424
880 2428
880 2426
880 2428
880 2424
880 2430
880 2430
880 2432
880 2426
880 2424
880 2426
880 2424
880 2430
880 2430
880 2428
880 2426
880 2424
880 2430
880 2424
880 2426
880 2424
880 2430
880 2428
880 2426
880 2428
880 2428
880 2428
880 2424
880 2426
880 2426
880 2428
880 2424
880 2424
880 2428
880 2428
880 2428
880 2430
880 2426
880 2424
880 2426
880 2430
880 2430
880 2428
880 2426
880 2426
880 2428
880 2424
880 2424
880 2430
880 2430
880 2426
880 2428
880 2426
880 2430
880 2424
880 2426
880 2428
880 2432
880 2426
890 2426
890 2430
890 2428
890 2428
890 2428
890 2428
890 2426
890 2428
890 2426
890 2430
890 2426
890 2428
890 2426
890 2428
890 2430
890 2428
890 2410
890 2428
890 2424
890 2426
890 2428
890 2426
890 2426
890 2424
890 2426
890 2426
890 2430
890 2424
890 2424
890 2428
890 2432
890 2430
890 2424
890 2426
890 2424
890 2424
890 2426
890 2428
890 2426
890 2426
890 2424
890 2424
890 2428
890 2426
890 2428
890 2424
890 2430
890 2430
890 2432
890 2426
890 2424
890 2426
890 2426
890 2430
890 2430
890 2428
890 2426
890 2424
890 2430
890 2424
890 2426
890 2424
890 2430
890 2428
890 2426
890 2428
890 2428
890 2428
890 2424
890 2426
890 2426
890 2428
890 2424
890 2424
890 2428
890 2428
890 2428
890 2430
890 2426
890 2424
890 2426
890 2430
890 2430
890 2428
890 2426
890 2426
890 2428
890 2424
890 2424
890 2430
890 2430
890 2426
890 2428
890 2426
890 2432
890 2424
890 2426
890 2428
890 2432
890 2426
900 2426
900 2430
900 2428
900 2428
900 2428
900 2428
900 2426
900 2428
900 2426
900 2430
900 2426
900 2428
900 2426
900 2428
900 2430
900 2428
900 2428
900 2428
900 2424
900 2426
900 2428
900 2426
900 2426
900 2424
900 2426
900 2426
900 2430
900 2424
900 2424
900 2428
900 2432
900 2430
900 2424
900 2426
900 2430
900 2424
900 2426
900 2428
900 2426
900 2426
900 2424
900 2424
900 2428
900 2426
900 2428
900 2424
900 2430
900 2430
900 2432
900 2426
900 2424
900 2426
900 2426
900 2430
900 2430
900 2428
900 2426
900 2424
900 2430
900 2424
900 2426
900 2424
900 2430
900 2428
900 2426
900 2428
900 2428
900 2428
900 2424
900 2426
900 2426
900 2428
900 2424
900 2424
900 2428
900 2428
900 2428
900 2430
900 2426
900 2424
900 2426
900 2430
900 2430
900 2428
900 2428
900 2426
900 2428
900 2424
900 2424
900 2430
900 2430
900 2426
900 2428
900 2426
900 2432
900 2424
900 2426
900 2430
900 2432
900 2426
910 2426
910 2430
910 2428
910 2428
910 2428
910 2428
910 2426
910 2428
910 2426
910 2430
910 2426
910 2428
910 2426
910 2428
910 2430
910 2428
910 2428
910 2428
910 2430
910 2426
910 2428
910 2426
910 2426
910 2416
910 2426
910 2426
910 2430
910 2428
910 2424
910 2428
910 2432
910 2430
910 2424
910 2426
910 2430
910 2424
910 2426
910 2428
910 2426
910 2426
910 2428
910 2424
910 2428
910 2426
910 2428
910 2424
910 2430
910 2430
910 2432
910 2426
910 2424
910 2426
910 2426
910 2430
910 2430
910 2428
910 2426
910 2424
910 2430
910 2424
910 2426
910 2424
910 2430
910 2428
910 2426
910 2428
910 2428
910 2428
910 2424
910 2426
910 2426
910 2428
910 2424
910 2424
910 2428
910 2428
910 2428
910 2430
910 2426
910 2424
910 2426
910 2430
910 2430
910 2428
910 2428
910 2426
910 2428
910 2424
910 2424
910 2430
910 2430
910 2426
910 2428
910 2426
910 2432
910 2424
910 2426
910 2430
910 2432
910 2426
920 2426
920 2430
920 2428
920 2428
920 2428
920 2428
920 2426
920 2428
920 2426
920 2430
920 2426
920 2428
920 2426
920 2428
920 2430
920 2428
920 2428
920 2428
920 2430
920 2426
920 2430
920 2426
920 2426
920 2424
920 2426
920 2426
920 2430
920 2428
920 2424
920 2428
920 2432
920 2430
920 2424
920 2426
920 2430
920 2428
920 2426
920 2428
920 2426
920 2426
920 2428
920 2424
920 2428
920 2426
920 2428
920 2424
920 2430
920 2430
920 2432
920 2426
920 2424
920 2426
920 2426
920 2430
920 2430
920 2428
920 2428
920 2424
920 2430
920 2424
920 2426
920 2424
920 2430
920 2428
920 2426
920 2428
920 2428
920 2428
920 2426
920 2426
920 2426
920 2428
920 2424
920 2424
920 2428
920 2428
920 2428
920 2430
920 2426
920 2424
920 2426
920 2430
920 2430
920 2432
920 2428
920 2426
920 2428
920 2424
920 2424
920 2430
920 2430
920 2426
920 2428
920 2426
920 2432
920 2424
920 2426
920 2430
920 2432
920 2426
930 2426
930 2430
930 2428
930 2428
930 2428
930 2428
930 2426
930 2428
930 2426
930 2430
930 2426
930 2428
930 2426
930 2428
930 2430
930 2428
930 2428
930 2428
930 2430
930 2428
930 2430
930 2426
930 2426
930 2430
930 2426
930 2426
930 2430
930 2428
930 2430
930 2428
930 2432
930 2430
930 2416
930 2426
930 2430
930 2428
930 2426
930 2428
930 2426
930 2426
930 2428
930 2424
930 2428
930 2426
930 2428
930 2424
930 2430
930 2430
930 2432
930 2426
930 2424
930 2426
930 2426
930 2430
930 2430
930 2428
930 2428
930 2424
930 2430
930 2424
930 2426
930 2424
930 2430
930 2428
930 2426
930 2428
930 2428
930 2428
930 2426
930 2426
930 2426
930 2428
930 2424
930 2424
930 2428
930 2428
930 2428
930 2430
930 2426
930 2424
930 2426
930 2430
930 2430
930 2432
930 2428
930 2426
930 2428
930 2424
930 2424
930 2430
930 2430
930 2426
930 2428
930 2426
930 2432
930 2424
930 2426
930 2430
930 2432
930 2426
940 2426
940 2430
940 2428
940 2428
940 2428
940 2428
940 2426
940 2428
940 2426
940 2430
940 2426
940 2428
940 2426
940 2428
940 2430
940 2428
940 2428
940 2428
940 2430
940 2428
940 2430
940 2426
940 2426
940 2430
940 2426
940 2426
940 2430
940 2428
940 2430
940 2428
940 2432
940 2430
940 2426
940 2426
940 2430
940 2428
940 2426
940 2428
940 2426
940 2426
940 2428
940 2412
940 2428
940 2426
940 2428
940 2426
940 2430
940 2430
940 2432
940 2426
940 2424
940 2426
940 2426
940 2430
940 2430
940 2428
940 2428
940 2428
940 2430
940 2424
940 2426
940 2424
940 2430
940 2428
940 2426
940 2428
940 2428
940 2428
940 2426
940 2426
940 2426
940 2428
940 2424
940 2424
940 2428
940 2428
940 2428
940 2430
940 2426
940 2424
940 2426
940 2430
940 2430
940 2432
940 2428
940 2426
940 2428
940 2424
940 2424
940 2430
940 2430
940 2426
940 2428
940 2426
940 2432
940 2424
940 2426
940 2430
940 2432
940 2426
950 2426
950 2430
950 2428
950 2428
950 2428
950 2428
950 2426
950 2428
950 2426
950 2430
950 2426
950 2428
950 2426
950 2428
950 2430
950 2428
950 2428
950 2428
950 2430
950 2428
950 2430
950 2426
950 2426
950 2430
950 2426
950 2426
950 2430
950 2428
950 2430
950 2428
950 2432
950 2430
950 2426
950 2426
950 2430
950 2428
950 2430
950 2428
950 2426
950 2426
950 2428
950 2422
950 2428
950 2426
950 2428
950 2426
950 2430
950 2430
950 2432
950 2426
950 2424
950 2426
950 2426
950 2430
950 2430
950 2428
950 2428
950 2428
950 2430
950 2424
950 2428
950 2426
950 2430
950 2428
950 2426
950 2428
950 2428
950 2428
950 2426
950 2426
950 2426
950 2428
950 2424
950 2424
950 2428
950 2428
950 2428
950 2430
950 2426
950 2428
950 2426
950 2430
950 2430
950 2432
950 2428
950 2426
950 2428
950 2424
950 2424
950 2430
950 2430
950 2426
950 2428
950 2426
950 2432
950 2424
950 2426
950 2430
950 2432
950 2426
960 2426
960 2430
960 2428
960 2430
960 2428
960 2428
960 2426
960 2428
960 2426
960 2430
960 2426
960 2428
960 2426
960 2428
960 2430
960 2428
960 2428
960 2428
960 2430
960 2428
960 2430
960 2426
960 2426
960 2430
960 2426
960 2426
960 2430
960 2428
960 2430
960 2428
960 2432
960 2430
960 2426
960 2426
960 2430
960 2428
960 2430
960 2428
960 2426
960 2426
960 2428
960 2412
960 2428
960 2426
960 2428
960 2426
960 2430
960 2430
960 2432
960 2426
960 2424
960 2426
960 2426
960 2430
960 2430
960 2428
960 2428
960 2428
960 2430
960 2424
960 2428
960 2426
960 2430
960 2428
960 2426
960 2428
960 2428
960 2428
960 2428
960 2426
960 2426
960 2428
960 2424
960 2424
960 2428
960 2428
960 2428
960 2430
960 2426
960 2428
960 2426
960 2430
960 2430
960 2432
960 2428
960 2428
960 2428
960 2428
960 2424
960 2430
960 2430
960 2426
960 2428
960 2426
960 2432
960 2424
960 2426
960 2430
960 2432
960 2426
970 2426
970 2430
970 2428
970 2430
970 2428
970 2428
970 2426
970 2428
970 2426
970 2430
970 2426
970 2428
970 2426
970 2428
970 2430
970 2430
970 2428
970 2428
970 2430
970 2428
970 2430
970 2426
970 2426
970 2430
970 2426
970 2426
970 2430
970 2428
970 2430
970 2428
970 2432
970 2430
970 2426
970 2426
970 2430
970 2430
970 2430
970 2428
970 2426
970 2426
970 2428
970 2430
970 2428
970 2426
970 2428
970 2426
970 2430
970 2430
970 2432
970 2426
970 2426
970 2426
970 2426
970 2430
970 2430
970 2428
970 2428
970 2428
970 2430
970 2410
970 2428
970 2426
970 2430
970 2428
970 2426
970 2428
970 2428
970 2428
970 2428
970 2426
970 2426
970 2428
970 2424
970 2424
970 2428
970 2428
970 2428
970 2430
970 2426
970 2428
970 2426
970 2430
970 2430
970 2432
970 2428
970 2428
970 2428
970 2428
970 2424
970 2430
970 2430
970 2426
970 2428
970 2426
970 2432
970 2424
970 2426
970 2430
970 2432
970 2426
